12 12 0 0 0 0 0 0 0 0 0 0 0 0 0 0 
20 12 0 0 0 0 0 0 0 0 0 0 0 0 0 0 
28 12 0 0 0 0 0 0 0 0 0 0 0 0 0 0 
36 12 0 0 0 0 0 0 0 0 0 0 0 0 0 0 
44 12 0 0 0 0 0 0 0 0 0 0 0 0 0 0 
52 12 0 0 0 0 0 0 0 0 0 0 0 0 0 0 
60 12 0 0 0 0 0 0 0 0 0 0 0 0 0 0 
68 12 0 0 0 0 0 0 0 0 0 0 0 0 0 0 
76 12 0 0 0 0 0 0 0 0 0 0 0 0 0 0 
84 12 0 0 0 0 0 0 0 0 0 0 0 0 0 0 
92 12 0 0 0 0 0 0 0 0 0 0 0 0 0 0 
100 12 0 0 0 0 0 0 0 0 0 0 0 0 0 0 
108 12 0 0 0 0 0 0 0 0 0 0 0 0 0 0 
116 12 0 0 0 0 0 0 0 0 0 0 0 0 0 0 
124 12 0 0 0 0 0 0 0 0 0 0 0 0 0 0 
132 12 0 0 0 0 0 0 0 0 0 0 0 0 0 0 
140 12 0 0 0 0 0 0 0 0 0 0 0 0 0 0 
148 12 0 0 0 0 0 0 0 0 0 0 0 0 0 0 
156 12 0 0 0 0 0 0 0 0 0 0 0 0 0 0 
12 20 0 0 0 0 0 0 0 0 0 0 0 0 0 0 
20 20 0 0 0 0 0 0 0 0 0 0 0 0 0 0 
28 20 0 0 0 0 0 0 0 0 0 0 0 0 0 0 
36 20 0 0 0 0 0 0 0 0 0 0 0 0 0 0 
44 20 0 0 0 0 0 0 0 0 0 0 0 0 0 0 
52 20 0 0 0 0 0 0 0 0 0 0 0 0 0 0 
60 20 0 0 0 0 0 0 0 0 0 0 0 0 0 0 
68 20 0 0 0 0 0 0 0 0 0 0 0 0 0 0 
76 20 0 0 0 0 0 0 0 0 0 0 0 0 0 0 
84 20 0 0 0 0 0 0 0 0 0 0 0 0 0 0 
92 20 0 0 0 0 0 0 0 0 0 0 0 0 0 0 
100 20 0 0 0 0 0 0 0 0 0 0 0 0 0 0 
108 20 0 0 0 0 0 0 0 0 0 0 0 0 0 0 
116 20 0 0 0 0 0 0 0 0 0 0 0 0 0 0 
124 20 0 0 0 0 0 0 0 0 0 0 0 0 0 0 
132 20 0 0 0 0 0 0 0 0 0 0 0 0 0 0 
140 20 0 0 0 0 0 0 0 0 0 0 0 0 0 0 
148 20 0 0 0 0 0 0 0 0 0 0 0 0 0 0 
156 20 0 0 0 0 0 0 0 0 0 0 0 0 0 0 
12 28 0 0 0 0 0 0 0 0 0 0 0 0 0 0 
20 28 0 0 0 0 0 0 0 0 0 0 0 0 0 0 
28 28 0 0 0 0 0 0 0 0 0 0 0 0 0 0 
36 28 0 0 0 0 0 0 0 0 0 0 0 0 0 0 
44 28 0 0 0 0 0 0 0 0 0 0 0 0 0 0 
52 28 0 0 0 0 0 0 0 0 0 0 0 0 0 0 
60 28 0 0 0 0 0 0 0 0 0 0 0 0 0 0 
68 28 0 0 0 0 0 0 0 0 0 0 0 0 0 0 
76 28 0 0 0 0 0 0 0 0 0 0 0 0 0 0 
84 28 -7.355725337012 1.777514029271 7.567446818962 0 0.994449853897 4.000979173341 -1.935295265145 4.444457459444 0 0.987782359123 0 0 0 0 
92 28 -3.362058446068 0.147901133787 3.365310051118 0 0.978998243809 -3.362058446068 0.147901133787 3.365310051118 0 0.978998243809 0 0 0 0 
100 28 -6.992019452567 1.382258437752 7.127339925513 0 0.969981133938 3.681197679901 2.007379001609 4.192944885711 0 0.842594861984 0 0 0 0 
108 28 -4.764674442493 2.120140400168 5.215085604223 0 0.92370480299 6.713398586047 -0.532786734826 6.73450683272 0 0.856565654278 0 0 0 0 
116 28 3.744418403582 -1.76722649117 4.140502222216 0 0.991800785065 -8 4 8.944271909999 0 0.540355026722 0 0 0 0 
124 28 1.326283402162 -3.166864090492 3.433373826209 0 0.994005799294 1.326283402162 -3.166864090492 3.433373826209 0 0.994005799294 0 0 0 0 
132 28 0 0 0 0 0 0 0 0 0 0 0 0 0 0 
140 28 0 0 0 0 0 0 0 0 0 0 0 0 0 0 
148 28 0 0 0 0 0 0 0 0 0 0 0 0 0 0 
156 28 0 0 0 0 0 0 0 0 0 0 0 0 0 0 
12 36 0 0 0 0 0 0 0 0 0 0 0 0 0 0 
20 36 0 0 0 0 0 0 0 0 0 0 0 0 0 0 
28 36 0 0 0 0 0 0 0 0 0 0 0 0 0 0 
36 36 0 0 0 0 0 0 0 0 0 0 0 0 0 0 
44 36 0 0 0 0 0 0 0 0 0 0 0 0 0 0 
52 36 0 0 0 0 0 0 0 0 0 0 0 0 0 0 
60 36 0 0 0 0 0 0 0 0 0 0 0 0 0 0 
68 36 3.993494241626 -4.020996639748 5.667134217113 0 0.999958992004 -6 8 10 0 0.997366428375 0 0 0 0 
76 36 1.44498038608 -2.0128849171 2.477836557493 0 0.989107728004 -7.175227297718 5.681701349325 9.152355816774 0 0.892927587032 0 0 0 0 
84 36 1.803592296539 -2.081968573278 2.754548658538 0 0.985791087151 1.803592296539 -2.081968573278 2.754548658538 0 0.985791087151 0 0 0 0 
92 36 -7.284108923299 0.774052169796 7.325121129923 0 0.985489368439 -7.284108923299 0.774052169796 7.325121129923 0 0.985489368439 0 0 0 0 
100 36 -4.711693939519 0.499628166425 4.738110180693 0 0.972819805145 -4.711693939519 0.499628166425 4.738110180693 0 0.972819805145 0 0 0 0 
108 36 -4.683934849782 1.624690963678 4.957707777235 0 0.96505188942 6.840746324259 -1.191398126904 6.943719447792 0 0.92603123188 0 0 0 0 
116 36 2.558023837796 -1.798283412406 3.126868910918 0 0.984367132187 -8 2 8.246211251235 0 0.703684806824 0 0 0 0 
124 36 1.193230202127 -3.19545134178 3.410968717674 0 0.997784554958 1.193230202127 -3.19545134178 3.410968717674 0 0.997784554958 0 0 0 0 
132 36 -2 -8 8.246211251235 0 0.994894087315 8 5 9.433981132057 0 0.991582453251 0 0 0 0 
140 36 0 0 0 0 0 0 0 0 0 0 0 0 0 0 
148 36 0 0 0 0 0 0 0 0 0 0 0 0 0 0 
156 36 0 0 0 0 0 0 0 0 0 0 0 0 0 0 
12 44 0 0 0 0 0 0 0 0 0 0 0 0 0 0 
20 44 0 0 0 0 0 0 0 0 0 0 0 0 0 0 
28 44 0 0 0 0 0 0 0 0 0 0 0 0 0 0 
36 44 0 0 0 0 0 0 0 0 0 0 0 0 0 0 
44 44 0 0 0 0 0 0 0 0 0 0 0 0 0 0 
52 44 0 0 0 0 0 0 0 0 0 0 0 0 0 0 
60 44 2.122171615392 -2.266069491032 3.104622892295 0 0.995687544346 7 -8 10.630145812735 0 0.99415910244 0 0 0 0 
68 44 -5.067641806205 7.103478543907 8.725846715348 0 0.997471928596 -5.067641806205 7.103478543907 8.725846715348 0 0.997471928596 0 0 0 0 
76 44 3.185778759989 -2.916800734773 4.319364864649 0 0.988680303097 -6.264684032715 6.927730058419 9.340220007691 0 0.929143965244 0 0 0 0 
84 44 1.652805933291 -2.277170373216 2.813764802142 0 0.98102158308 -8 7 10.630145812735 0 0.826658070087 0 0 0 0 
92 44 -0.467243380284 -0.685843381625 0.829878015457 0 0.929663896561 -8 1 8.062257748299 0 0.924949884415 0 0 0 0 
100 44 1.320589659277 -0.36223745498 1.369369570999 0 0.768338143826 1.320589659277 -0.36223745498 1.369369570999 0 0.768338143826 0 0 0 0 
108 44 -0.494225574059 1.117305537574 1.221732614916 0 0.816244244576 -8 8 11.313708498985 0 0.316976487637 0 0 0 0 
116 44 4.771101018145 3.087976837738 5.683221434693 0 0.96368688345 -8 6 10 0 0.28440964222 0 0 0 0 
124 44 3.825128217398 2.050390687264 4.340012425093 0 0.98920571804 3.825128217398 2.050390687264 4.340012425093 0 0.98920571804 0 0 0 0 
132 44 1.789643855045 0.339613124327 1.821582334707 0 0.989804804325 1.789643855045 0.339613124327 1.821582334707 0 0.989804804325 0 0 0 0 
140 44 1.006822284102 -0.164254229453 1.020132620622 0 0.997258901596 6 8 10 0 0.736239671707 0 0 0 0 
148 44 0 0 0 0 0 0 0 0 0 0 0 0 0 0 
156 44 0 0 0 0 0 0 0 0 0 0 0 0 0 0 
12 52 0 0 0 0 0 0 0 0 0 0 0 0 0 0 
20 52 0 0 0 0 0 0 0 0 0 0 0 0 0 0 
28 52 0 0 0 0 0 0 0 0 0 0 0 0 0 0 
36 52 0 0 0 0 0 0 0 0 0 0 0 0 0 0 
44 52 0 0 0 0 0 0 0 0 0 0 0 0 0 0 
52 52 2.497867448219 -2.286127338709 3.386106908776 0 0.995009839535 -1.50192703476 5.304523249335 5.513052849418 0 0.988849937916 0 0 0 0 
60 52 3.780741606372 -5.253711627359 6.47267278314 0 0.993418872356 -4.101771876572 6.062514427579 7.319741369204 0 0.924417197704 0 0 0 0 
68 52 5.099122934974 -5.866580009671 7.772889791824 0 0.985080897808 5.099122934974 -5.866580009671 7.772889791824 0 0.985080897808 0 0 0 0 
76 52 3.893281723497 -4.183522299384 5.714849202556 0 0.98150396347 3.893281723497 -4.183522299384 5.714849202556 0 0.98150396347 0 0 0 0 
84 52 2.156174942272 -1.80581607979 2.81248326141 0 0.890750348568 -8 -8 11.313708498985 0 0.675626933575 0 0 0 0 
92 52 1.396022783514 -1.786428471007 2.267202305511 0 0.807535111904 -6.779525595405 6.927965175929 9.693227985436 0 0.586947441101 0 0 0 0 
100 52 1.281736345447 -1 1.625683874325 0 0.861158967018 1.281736345447 -1 1.625683874325 0 0.861158967018 0 0 0 0 
108 52 -0.259269168813 0.834075170939 0.873442552589 0 0.83193063736 -0.259269168813 0.834075170939 0.873442552589 0 0.83193063736 0 0 0 0 
116 52 2.736007322511 0.363106897531 2.759996863743 0 0.798681557178 2.736007322511 0.363106897531 2.759996863743 0 0.798681557178 0 0 0 0 
124 52 1.484310032182 -0.196344456405 1.497239933076 0 0.96723562479 1.484310032182 -0.196344456405 1.497239933076 0 0.96723562479 0 0 0 0 
132 52 0.15372891803 -0.813643762597 0.82803910092 0 0.990588486195 -8 8 11.313708498985 0 0.302848547697 0 0 0 0 
140 52 0.027698632582 -0.781890997259 0.782381458012 0 0.997861683369 0.027698632582 -0.781890997259 0.782381458012 0 0.997861683369 0 0 0 0 
148 52 0 0 0 0 0 0 0 0 0 0 0 0 0 0 
156 52 0 0 0 0 0 0 0 0 0 0 0 0 0 0 
12 60 0 0 0 0 0 0 0 0 0 0 0 0 0 0 
20 60 0 0 0 0 0 0 0 0 0 0 0 0 0 0 
28 60 0 0 0 0 0 0 0 0 0 0 0 0 0 0 
36 60 0 0 0 0 0 0 0 0 0 0 0 0 0 0 
44 60 0 0 0 0 0 0 0 0 0 0 0 0 0 0 
52 60 -6 8 10 0 0.995673000813 2.232167358753 -2.235218814655 3.158919794308 0 0.983485400677 0 0 0 0 
60 60 5.092188677963 -6.781579644802 8.480578282804 0 0.982173383236 -2.210379411267 5.985757506321 6.380836157294 0 0.911957323551 0 0 0 0 
68 60 2.893391203326 -4.308199593217 5.189633550693 0 0.984735906124 -3 8 8.544003745318 0 0.905034720898 0 0 0 0 
76 60 1.871304646187 -3.42037643966 3.89881470037 0 0.915856778622 -6 8 10 0 0.646280646324 0 0 0 0 
84 60 1.847453131224 -1.72049575968 2.524517524429 0 0.921800732613 -8 2 8.246211251235 0 0.277541399002 0 0 0 0 
92 60 1.209575245169 -1.987377323349 2.326529797592 0 0.917918145657 1.209575245169 -1.987377323349 2.326529797592 0 0.917918145657 0 0 0 0 
100 60 0.06078755476 -1.687272936169 1.688367580813 0 0.922613978386 0.06078755476 -1.687272936169 1.688367580813 0 0.922613978386 0 0 0 0 
108 60 0.056765829907 0.067312600113 0.088053083869 0 0.865042686462 -4 8 8.944271909999 0 0.697286963463 0 0 0 0 
116 60 5.687989086751 -3.196022695444 6.524398893445 0 0.78191024065 -8 8 11.313708498985 0 0.50213599205 0 0 0 0 
124 60 -2.93292764556 1.709559918217 3.394798917176 0 0.71196269989 8 -8 11.313708498985 0 0.423291474581 0 0 0 0 
132 60 -0.159691502311 -1.597983411817 1.605942825991 0 0.981584608555 -0.159691502311 -1.597983411817 1.605942825991 0 0.981584608555 0 0 0 0 
140 60 -0.268979593521 -1.654519267058 1.67624104078 0 0.989257574081 -0.268979593521 -1.654519267058 1.67624104078 0 0.989257574081 0 0 0 0 
148 60 -0.496578672555 -3.083270859288 3.123003293269 0 0.981710970402 -3 -8 8.544003745318 0 0.70972263813 0 0 0 0 
156 60 0 0 0 0 0 0 0 0 0 0 0 0 0 0 
12 68 0 0 0 0 0 0 0 0 0 0 0 0 0 0 
20 68 0 0 0 0 0 0 0 0 0 0 0 0 0 0 
28 68 0 0 0 0 0 0 0 0 0 0 0 0 0 0 
36 68 0 0 0 0 0 0 0 0 0 0 0 0 0 0 
44 68 0.069688998825 0.068896184979 0.09799612677 0 0.999881088734 8 -8 11.313708498985 0 0.603963017464 0 0 0 0 
52 68 4.13956755187 -1.635931352651 4.451099965973 0 0.899222910404 -3.88217345903 7.141673715713 8.1286391375 0 0.888079226017 0 0 0 0 
60 68 2.911915877805 -2.196551896668 3.647477801738 0 0.924029231071 6 -8 10 0 0.894918501377 0 0 0 0 
68 68 2.295311270227 -2.962067849898 3.747305668695 0 0.804009795189 7 8 10.630145812735 0 0.29960718751 0 0 0 0 
76 68 2.287845729004 -2.043613430129 3.06766913658 0 0.893172323704 2.287845729004 -2.043613430129 3.06766913658 0 0.893172323704 0 0 0 0 
84 68 -1.014073558024 2.00356673464 2.245578954578 0 0.838591814041 -8 -8 11.313708498985 0 -0.335103362799 0 0 0 0 
92 68 -1.201210553318 -3.230695200592 3.446780856471 0 0.688954532146 1.438871184501 3.108648902582 3.425499713196 0 0.684533596039 0 0 0 0 
100 68 0.645597682891 2.197439479985 2.290313654579 0 0.708825051785 8 -8 11.313708498985 0 0.362349241972 0 0 0 0 
108 68 -0.63008981794 0.154235167637 0.64869227343 0 0.792791724205 8 -6 10 0 0.660228013992 0 0 0 0 
116 68 -0.865374160291 3.088232603683 3.207187716949 0 0.630060732365 8 -5 9.433981132057 0 0.280101180077 0 0 0 0 
124 68 -1.495190302882 3.664726299817 3.95800617665 0 0.782704353333 -8 8 11.313708498985 0 0.006554197054 0 0 0 0 
132 68 -0.360377627794 -2.950859672568 2.972784022058 0 0.991797864437 -0.360377627794 -2.950859672568 2.972784022058 0 0.991797864437 0 0 0 0 
140 68 -0.362309289368 -3.061685534726 3.083048221276 0 0.994144439697 -0.362309289368 -3.061685534726 3.083048221276 0 0.994144439697 0 0 0 0 
148 68 -0.498835356977 -3.083378329653 3.123469006912 0 0.981710970402 -2.497076970622 4.145855627918 4.839784322132 0 0.834736466408 0 0 0 0 
156 68 0 0 0 0 0 0 0 0 0 0 0 0 0 0 
12 76 0 0 0 0 0 0 0 0 0 0 0 0 0 0 
20 76 0 0 0 0 0 0 0 0 0 0 0 0 0 0 
28 76 0 0 0 0 0 0 0 0 0 0 0 0 0 0 
36 76 2.49758791826 -3.976376351839 4.695691035503 0 1 2.49758791826 -3.976376351839 4.695691035503 0 1 0 0 0 0 
44 76 1.065603286483 -1.061899048058 1.504373607994 0 0.997654497623 1.065603286483 -1.061899048058 1.504373607994 0 0.997654497623 0 0 0 0 
52 76 1.735150021775 -2.276745099275 2.862571194771 0 0.951046168804 1.735150021775 -2.276745099275 2.862571194771 0 0.951046168804 0 0 0 0 
60 76 1.242670772292 -3.224343339241 3.455520310694 0 0.877664625645 1.242670772292 -3.224343339241 3.455520310694 0 0.877664625645 0 0 0 0 
68 76 1.792342134803 -3.591937956502 4.014288057869 0 0.827996611595 1.792342134803 -3.591937956502 4.014288057869 0 0.827996611595 0 0 0 0 
76 76 -0.067862931367 0.725529865219 0.728696756393 0 0.978239834309 -8 -7 10.630145812735 0 0.468825489283 0 0 0 0 
84 76 -0.041563530767 0.903169859159 0.904125722221 0 0.979297935963 -0.041563530767 0.903169859159 0.904125722221 0 0.979297935963 0 0 0 0 
92 76 -0.168038109947 2.498748170422 2.504391987206 0 0.921621799469 -0.168038109947 2.498748170422 2.504391987206 0 0.921621799469 0 0 0 0 
100 76 -0.521158704558 2.066926830869 2.131617442108 0 0.893345117569 8 2 8.246211251235 0 0.755730748177 0 0 0 0 
108 76 -1.396861668856 1.371259556616 1.957441006399 0 0.859868586063 8 -6 10 0 0.476448684931 0 0 0 0 
116 76 -1.98722129388 -0.99598350972 2.222843139424 0 0.583653748035 7.179848344683 -6.759017209901 9.860757369309 0 0.317611247301 0 0 0 0 
124 76 -6 8 10 0 0.780704200268 -1.976203561599 -0.266522630878 1.994094990126 0 0.749541163445 0 0 0 0 
132 76 -0.074089109459 -3.184836305369 3.185697959339 0 0.996986210346 -0.074089109459 -3.184836305369 3.185697959339 0 0.996986210346 0 0 0 0 
140 76 -0.038780438565 -3.045998113339 3.046244971908 0 0.996047377586 -0.038780438565 -3.045998113339 3.046244971908 0 0.996047377586 0 0 0 0 
148 76 0 0 0 0 0 0 0 0 0 0 0 0 0 0 
156 76 0 0 0 0 0 0 0 0 0 0 0 0 0 0 
12 84 0 0 0 0 0 0 0 0 0 0 0 0 0 0 
20 84 0 0 0 0 0 0 0 0 0 0 0 0 0 0 
28 84 0 0 0 0 0 0 0 0 0 0 0 0 0 0 
36 84 2.498107078521 -2.252824566369 3.363890233434 0 0.875129103661 2.498107078521 -2.252824566369 3.363890233434 0 0.875129103661 0 0 0 0 
44 84 0.996852442526 -1.150795628481 1.522512847467 0 0.996604025364 0.996852442526 -1.150795628481 1.522512847467 0 0.996604025364 0 0 0 0 
52 84 0.862752245366 -1.331826908136 1.58685360072 0 0.988848507404 0.862752245366 -1.331826908136 1.58685360072 0 0.988848507404 0 0 0 0 
60 84 -1.91665250892 -6.835403498029 7.099034992223 0 0.729001402855 0.706886274426 -0.75842120728 1.036769469373 0 0.724193871021 0 0 0 0 
68 84 0.21264798745 0.88726498373 0.91239153762 0 0.955570459366 -8 -8 11.313708498985 0 0.622809827328 0 0 0 0 
76 84 0.334735833862 0.446422967856 0.557979878401 0 0.975809395313 -8 -8 11.313708498985 0 -0.008333649486 0 0 0 0 
84 84 0.384914049827 0.145544563317 0.411511902216 0 0.983473598957 0.384914049827 0.145544563317 0.411511902216 0 0.983473598957 0 0 0 0 
92 84 -0.771183364905 -0.40998056985 0.873388716415 0 0.889083147049 -0.771183364905 -0.40998056985 0.873388716415 0 0.889083147049 0 0 0 0 
100 84 8 1 8.062257748299 0 0.917545735836 -0.743972085106 0.270261617188 0.791540147524 0 0.869893908501 0 0 0 0 
108 84 -0.100960517667 2.819417410787 2.82122447926 0 0.843660831451 -8 2 8.246211251235 0 0.791760087013 0 0 0 0 
116 84 -0.920845757672 -2.908303804481 3.050604518547 0 0.809635102749 8 8 11.313708498985 0 -0.714842796326 0 0 0 0 
124 84 -6 8 10 0 0.986216187477 -6 8 10 0 0.986216187477 0 0 0 0 
132 84 0.148028452045 -2.650488904259 2.654619342621 0 0.993494153023 0.148028452045 -2.650488904259 2.654619342621 0 0.993494153023 0 0 0 0 
140 84 0.228285314017 -2.514745139809 2.525085603062 0 0.992569804192 -3.496940962769 5.932954968444 6.886838952283 0 0.988238990307 0 0 0 0 
148 84 0 0 0 0 0 0 0 0 0 0 0 0 0 0 
156 84 0 0 0 0 0 0 0 0 0 0 0 0 0 0 
12 92 0 0 0 0 0 0 0 0 0 0 0 0 0 0 
20 92 0 0 0 0 0 0 0 0 0 0 0 0 0 0 
28 92 0 0 0 0 0 0 0 0 0 0 0 0 0 0 
36 92 2.497715832109 -1.224640165054 2.781785022577 0 0.882508695126 4 8 8.944271909999 0 0.846086919308 0 0 0 0 
44 92 0.834409263803 -1.956013638938 2.126553120717 0 0.994170546532 0.834409263803 -1.956013638938 2.126553120717 0 0.994170546532 0 0 0 0 
52 92 0.790910391631 -1.484976988935 1.68246720778 0 0.99165558815 0.790910391631 -1.484976988935 1.68246720778 0 0.99165558815 0 0 0 0 
60 92 5.968933114553 2.902072959869 6.637031715339 0 0.520274281502 6 -8 10 0 0.155124932528 0 0 0 0 
68 92 1.906803396501 -0.744205028252 2.046885516335 0 0.9363899827 -8 8 11.313708498985 0 -0.053637746722 0 0 0 0 
76 92 0.146445240023 -0.185387351557 0.236251303579 0 0.96142911911 0.146445240023 -0.185387351557 0.236251303579 0 0.96142911911 0 0 0 0 
84 92 -1.021912613977 0.233999806068 1.048361244918 0 0.960506677628 -1.021912613977 0.233999806068 1.048361244918 0 0.960506677628 0 0 0 0 
92 92 -1.57932223565 1.426307800659 2.128053727292 0 0.943370699883 -1.57932223565 1.426307800659 2.128053727292 0 0.943370699883 0 0 0 0 
100 92 -3.853531113732 0.440168994187 3.878588762417 0 0.929116427898 8 1 8.062257748299 0 0.906429171562 0 0 0 0 
108 92 -4.025408664463 -0.041607820078 4.025623694116 0 0.890646576881 8 -8 11.313708498985 0 0.694165825844 0 0 0 0 
116 92 -3.188306198965 0.388817533757 3.211927068431 0 0.82194674015 8 8 11.313708498985 0 -0.314105838537 0 0 0 0 
124 92 -6 8 10 0 0.98055100441 2 -8 8.246211251235 0 0.977489173412 0 0 0 0 
132 92 -6 8 10 0 0.994047760963 2 -8 8.246211251235 0 0.989320755005 0 0 0 0 
140 92 -6 8 10 0 0.998394727707 1.834305588491 -6.085001471178 6.355463782936 0 0.996737957001 0 0 0 0 
148 92 0 0 0 0 0 0 0 0 0 0 0 0 0 0 
156 92 0 0 0 0 0 0 0 0 0 0 0 0 0 0 
12 100 0 0 0 0 0 0 0 0 0 0 0 0 0 0 
20 100 0 0 0 0 0 0 0 0 0 0 0 0 0 0 
28 100 0 0 0 0 0 0 0 0 0 0 0 0 0 0 
36 100 4 8 8.944271909999 0 1 2.498062275283 -0.21395436776 2.507207929685 0 1 0 0 0 0 
44 100 0.184086553386 -3.982295998119 3.986548541755 0 0.995058059692 0.184086553386 -3.982295998119 3.986548541755 0 0.995058059692 0 0 0 0 
52 100 -0.02366461832 -3.858332347693 3.858404919058 0 0.995380342007 -0.02366461832 -3.858332347693 3.858404919058 0 0.995380342007 0 0 0 0 
60 100 1.246296971248 -0.403163175491 1.309884226417 0 0.93925178051 1.246296971248 -0.403163175491 1.309884226417 0 0.93925178051 0 0 0 0 
68 100 1.053991977148 -1.544945018353 1.870228381141 0 0.883343398571 1.053991977148 -1.544945018353 1.870228381141 0 0.883343398571 0 0 0 0 
76 100 -0.025611358913 -0.850543118762 0.85092863307 0 0.884653925896 4 8 8.944271909999 0 0.682248830795 0 0 0 0 
84 100 -1.65817014318 0.955923672129 1.913979699649 0 0.90584474802 8 -6 10 0 0.738693475723 0 0 0 0 
92 100 -0.916339879768 1.187465011006 1.499917306926 0 0.887514412403 8 -4 8.944271909999 0 0.602213144302 0 0 0 0 
100 100 -1.574251961243 0.776971686633 1.755549554785 0 0.740490019321 -8 8 11.313708498985 0 -0.022698845714 0 0 0 0 
108 100 0.396890611218 -1.504400555511 1.555873770167 0 0.818312942982 -5 -8 9.433981132057 0 0.616371035576 0 0 0 0 
116 100 -2.710809092425 1.035767023437 2.901947494772 0 0.942299008369 -8 -7 10.630145812735 0 0.096793353558 0 0 0 0 
124 100 -2.201940004653 -2.102377226666 3.04442601935 0 0.991266489029 -2.201940004653 -2.102377226666 3.04442601935 0 0.991266489029 0 0 0 0 
132 100 -2.185589680435 -1.862998851883 2.87185775646 0 0.981608867645 2 -8 8.246211251235 0 0.974563062191 0 0 0 0 
140 100 0 0 0 0 0 0 0 0 0 0 0 0 0 0 
148 100 0 0 0 0 0 0 0 0 0 0 0 0 0 0 
156 100 0 0 0 0 0 0 0 0 0 0 0 0 0 0 
12 108 0 0 0 0 0 0 0 0 0 0 0 0 0 0 
20 108 0 0 0 0 0 0 0 0 0 0 0 0 0 0 
28 108 0 0 0 0 0 0 0 0 0 0 0 0 0 0 
36 108 0 0 0 0 0 0 0 0 0 0 0 0 0 0 
44 108 1.882195237151 1.073633548535 2.166875148063 0 0.995849490166 1.882195237151 1.073633548535 2.166875148063 0 0.995849490166 0 0 0 0 
52 108 1.08609048777 -1.115914217099 1.557195263141 0 0.99696201086 1.08609048777 -1.115914217099 1.557195263141 0 0.99696201086 0 0 0 0 
60 108 0.289655922093 -2.016997258504 2.037689498922 0 0.989941120148 0.289655922093 -2.016997258504 2.037689498922 0 0.989941120148 0 0 0 0 
68 108 0.283845262193 -1.94503149191 1.965633647807 0 0.914545476437 0.283845262193 -1.94503149191 1.965633647807 0 0.914545476437 0 0 0 0 
76 108 0.185668227257 -1.243073887121 1.256863309773 0 0.869120836258 -2.587675808286 -7.463205998195 7.899082849311 0 0.812514364719 0 0 0 0 
84 108 -1.088516281945 0.493565371333 1.195188048735 0 0.897008597851 -7 -8 10.630145812735 0 0.815108597279 0 0 0 0 
92 108 -3.621030323064 1.149258677379 3.79903357554 0 0.855667233467 5 -8 9.433981132057 0 0.569250941277 0 0 0 0 
100 108 -0.004386828965 -0.765803674067 0.765816238717 0 0.792395591736 -3 8 8.544003745318 0 0.446227580309 0 0 0 0 
108 108 -1.308266044924 -0.167138502721 1.31889928478 0 0.923224687576 -1.308266044924 -0.167138502721 1.31889928478 0 0.923224687576 0 0 0 0 
116 108 -2.041942720613 0.351480576452 2.071972169187 0 0.98496389389 -2.041942720613 0.351480576452 2.071972169187 0 0.98496389389 0 0 0 0 
124 108 -2.186122393546 -0.279333748338 2.203896200488 0 0.995750069618 -2.186122393546 -0.279333748338 2.203896200488 0 0.995750069618 0 0 0 0 
132 108 -3.800854343598 7.109969471023 8.062143611976 0 0.99508357048 -3.800854343598 7.109969471023 8.062143611976 0 0.99508357048 0 0 0 0 
140 108 0 0 0 0 0 0 0 0 0 0 0 0 0 0 
148 108 0 0 0 0 0 0 0 0 0 0 0 0 0 0 
156 108 0 0 0 0 0 0 0 0 0 0 0 0 0 0 
12 116 0 0 0 0 0 0 0 0 0 0 0 0 0 0 
20 116 0 0 0 0 0 0 0 0 0 0 0 0 0 0 
28 116 0 0 0 0 0 0 0 0 0 0 0 0 0 0 
36 116 0 0 0 0 0 0 0 0 0 0 0 0 0 0 
44 116 0.046991539658 -1.994114872234 1.994668475829 0 0.999942362309 -3 -8 8.544003745318 0 0.982619941235 0 0 0 0 
52 116 -0.022306084089 -1.982949947541 1.983075403468 0 0.99977004528 -0.022306084089 -1.982949947541 1.983075403468 0 0.99977004528 0 0 0 0 
60 116 1.032562965431 -1.107866682579 1.514448699675 0 0.994214713573 1.032562965431 -1.107866682579 1.514448699675 0 0.994214713573 0 0 0 0 
68 116 -0.04826542999 -1.337777752875 1.338648149373 0 0.980428159237 -0.04826542999 -1.337777752875 1.338648149373 0 0.980428159237 0 0 0 0 
76 116 -1.833206004785 -0.6622546282 1.949160190583 0 0.970058321953 -1.833206004785 -0.6622546282 1.949160190583 0 0.970058321953 0 0 0 0 
84 116 -1.109678458937 0.579875862861 1.252055229835 0 0.941873550415 -1.109678458937 0.579875862861 1.252055229835 0 0.941873550415 0 0 0 0 
92 116 -3.908661901762 1.928986684511 4.358741503153 0 0.93389326334 5 -8 9.433981132057 0 0.646337687969 0 0 0 0 
100 116 -1.215924488994 -0.199438953238 1.232172171007 0 0.805777013302 -1.215924488994 -0.199438953238 1.232172171007 0 0.805777013302 0 0 0 0 
108 116 -1.069394043232 0.316661505496 1.115292844396 0 0.946886122227 -1.069394043232 0.316661505496 1.115292844396 0 0.946886122227 0 0 0 0 
116 116 -1.695936146856 -0.004102181082 1.695941108088 0 0.994823038578 -1.695936146856 -0.004102181082 1.695941108088 0 0.994823038578 0 0 0 0 
124 116 -1.885127072225 -0.461763150014 1.940857873505 0 0.997767388821 -1.885127072225 -0.461763150014 1.940857873505 0 0.997767388821 0 0 0 0 
132 116 -1.962216968008 -0.468707380339 2.017419648443 0 0.991314709187 -1.962216968008 -0.468707380339 2.017419648443 0 0.991314709187 0 0 0 0 
140 116 0 0 0 0 0 0 0 0 0 0 0 0 0 0 
148 116 0 0 0 0 0 0 0 0 0 0 0 0 0 0 
156 116 0 0 0 0 0 0 0 0 0 0 0 0 0 0 
12 124 0 0 0 0 0 0 0 0 0 0 0 0 0 0 
20 124 0 0 0 0 0 0 0 0 0 0 0 0 0 0 
28 124 0 0 0 0 0 0 0 0 0 0 0 0 0 0 
36 124 0 0 0 0 0 0 0 0 0 0 0 0 0 0 
44 124 -4.057250400641 5.961503042901 7.211157975251 0 0.999895036221 0.825023808901 2.78990077066 2.909331640666 0 0.998927175999 0 0 0 0 
52 124 0.751754206121 0.584048941308 0.951970352618 0 0.993960618973 0.751754206121 0.584048941308 0.951970352618 0 0.993960618973 0 0 0 0 
60 124 1.657782899077 -0.068792792001 1.659209627716 0 0.984034121037 1.657782899077 -0.068792792001 1.659209627716 0 0.984034121037 0 0 0 0 
68 124 0.063560882245 0.266612162925 0.274083985616 0 0.962406337261 0.063560882245 0.266612162925 0.274083985616 0 0.962406337261 0 0 0 0 
76 124 -1.957629017035 -0.105744517758 1.960482917899 0 0.964667499065 -1.957629017035 -0.105744517758 1.960482917899 0 0.964667499065 0 0 0 0 
84 124 -0.825266869994 1.853900466405 2.029288630542 0 0.906054079533 -0.825266869994 1.853900466405 2.029288630542 0 0.906054079533 0 0 0 0 
92 124 -1.885663581562 2.162527794847 2.86919040956 0 0.921255886555 4 -8 8.944271909999 0 0.264317691326 0 0 0 0 
100 124 -2.038853321379 0.138710702731 2.043566374051 0 0.895157694817 -2.038853321379 0.138710702731 2.043566374051 0 0.895157694817 0 0 0 0 
108 124 -1.086155066596 0.160176889227 1.097902301908 0 0.82783305645 -1.086155066596 0.160176889227 1.097902301908 0 0.82783305645 0 0 0 0 
116 124 -1.655528830249 -1.065069047557 1.96853950528 0 0.993761241436 -1.655528830249 -1.065069047557 1.96853950528 0 0.993761241436 0 0 0 0 
124 124 -1.59705572853 -1.138587271458 1.961368903281 0 0.994134128094 -1.59705572853 -1.138587271458 1.961368903281 0 0.994134128094 0 0 0 0 
132 124 -0.498600102466 1.501723847336 1.582332637544 0 0.968998193741 -0.498600102466 1.501723847336 1.582332637544 0 0.968998193741 0 0 0 0 
140 124 0 0 0 0 0 0 0 0 0 0 0 0 0 0 
148 124 0 0 0 0 0 0 0 0 0 0 0 0 0 0 
156 124 0 0 0 0 0 0 0 0 0 0 0 0 0 0 
12 132 0 0 0 0 0 0 0 0 0 0 0 0 0 0 
20 132 0 0 0 0 0 0 0 0 0 0 0 0 0 0 
28 132 0 0 0 0 0 0 0 0 0 0 0 0 0 0 
36 132 -1.807740657166 6.209670516866 6.467451910266 0 1 8 -6 10 0 1 0 0 0 0 
44 132 3.854292412595 -2.298797438736 4.487765553828 0 0.995796024799 3.854292412595 -2.298797438736 4.487765553828 0 0.995796024799 0 0 0 0 
52 132 1.97098665652 -0.043041062487 1.971456551192 0 0.992956519127 1.97098665652 -0.043041062487 1.971456551192 0 0.992956519127 0 0 0 0 
60 132 2.041113436309 0.169946288521 2.048176213333 0 0.98875695467 2.041113436309 0.169946288521 2.048176213333 0 0.98875695467 0 0 0 0 
68 132 -1.001280684498 0.886026896726 1.337014087761 0 0.963004529476 -1.001280684498 0.886026896726 1.337014087761 0 0.963004529476 0 0 0 0 
76 132 -0.818819106094 1.218583210173 1.468131386702 0 0.87330275774 -0.818819106094 1.218583210173 1.468131386702 0 0.87330275774 0 0 0 0 
84 132 -1.076649465547 1.53470948113 1.874701913141 0 0.933700978756 -1.076649465547 1.53470948113 1.874701913141 0 0.933700978756 0 0 0 0 
92 132 -1.279687096095 0.813763036808 1.516512230082 0 0.927254080772 -1.279687096095 0.813763036808 1.516512230082 0 0.927254080772 0 0 0 0 
100 132 -1.356712525081 0.254440116684 1.380365404047 0 0.933187603951 -1.356712525081 0.254440116684 1.380365404047 0 0.933187603951 0 0 0 0 
108 132 -2.020815302672 0.828897012926 2.184208036235 0 0.95112234354 8 -8 11.313708498985 0 0.435681164265 0 0 0 0 
116 132 -0.911307362066 1.079301389279 1.412576580952 0 0.989967465401 -8 8 11.313708498985 0 0.034214314073 0 0 0 0 
124 132 -0.125630367037 3.066019337287 3.068592114592 0 0.996579349041 -0.125630367037 3.066019337287 3.068592114592 0 0.996579349041 0 0 0 0 
132 132 -0.309546757238 3.341312436377 3.355620358801 0 0.992644786835 -3.539238715136 -7.278934024841 8.093768666123 0 0.985995292664 0 0 0 0 
140 132 0 0 0 0 0 0 0 0 0 0 0 0 0 0 
148 132 0 0 0 0 0 0 0 0 0 0 0 0 0 0 
156 132 0 0 0 0 0 0 0 0 0 0 0 0 0 0 
12 140 0 0 0 0 0 0 0 0 0 0 0 0 0 0 
20 140 0 0 0 0 0 0 0 0 0 0 0 0 0 0 
28 140 0 0 0 0 0 0 0 0 0 0 0 0 0 0 
36 140 3.260304522592 -2.760774179234 4.272172708208 0 0.981163263321 3.260304522592 -2.760774179234 4.272172708208 0 0.981163263321 0 0 0 0 
44 140 2.182550679083 -0.733623147016 2.302548672363 0 0.992944121361 2.182550679083 -0.733623147016 2.302548672363 0 0.992944121361 0 0 0 0 
52 140 1.76614931005 -0.350533443303 1.800599089265 0 0.987435162067 1.76614931005 -0.350533443303 1.800599089265 0 0.987435162067 0 0 0 0 
60 140 -0.284959309352 1.695760084449 1.719536004857 0 0.934245467186 -0.284959309352 1.695760084449 1.719536004857 0 0.934245467186 0 0 0 0 
68 140 -0.61575536733 0.606928619175 0.86459066683 0 0.886459589005 -8 -8 11.313708498985 0 0.356217771769 0 0 0 0 
76 140 -0.643689076462 0.682116063323 0.937879497057 0 0.977996468544 -0.643689076462 0.682116063323 0.937879497057 0 0.977996468544 0 0 0 0 
84 140 -1.095927174022 1.069927273219 1.531600711915 0 0.982291698456 -1.095927174022 1.069927273219 1.531600711915 0 0.982291698456 0 0 0 0 
92 140 0.054005763232 0.725068136266 0.727076629174 0 0.961042881012 0.054005763232 0.725068136266 0.727076629174 0 0.961042881012 0 0 0 0 
100 140 -0.819178833104 0.336945377183 0.885768676241 0 0.969545125961 -0.819178833104 0.336945377183 0.885768676241 0 0.969545125961 0 0 0 0 
108 140 -0.992394421301 0.356194416473 1.054381880419 0 0.949647068977 -0.992394421301 0.356194416473 1.054381880419 0 0.949647068977 0 0 0 0 
116 140 -0.670584354898 0.884456047452 1.109930573013 0 0.947937726974 -0.670584354898 0.884456047452 1.109930573013 0 0.947937726974 0 0 0 0 
124 140 -0.916849071224 1.031781228203 1.380284290382 0 0.994517028332 -0.916849071224 1.031781228203 1.380284290382 0 0.994517028332 0 0 0 0 
132 140 -0.119872527596 3.26117937046 3.263381729003 0 0.995311975479 -0.119872527596 3.26117937046 3.263381729003 0 0.995311975479 0 0 0 0 
140 140 -0.497661030195 4.595020009374 4.621890888752 0 0.990083813667 -2.497760777298 -1.379877184829 2.853571436957 0 0.990083813667 0 0 0 0 
148 140 0 0 0 0 0 0 0 0 0 0 0 0 0 0 
156 140 0 0 0 0 0 0 0 0 0 0 0 0 0 0 
12 148 0 0 0 0 0 0 0 0 0 0 0 0 0 0 
20 148 0 0 0 0 0 0 0 0 0 0 0 0 0 0 
28 148 0 0 0 0 0 0 0 0 0 0 0 0 0 0 
36 148 1.422540536662 -0.614125861946 1.549442529672 0 0.977964043617 1.422540536662 -0.614125861946 1.549442529672 0 0.977964043617 0 0 0 0 
44 148 0.994559004873 0.684241868835 1.207201122118 0 0.99110108614 0.994559004873 0.684241868835 1.207201122118 0 0.99110108614 0 0 0 0 
52 148 0.684635831942 0.608933360511 0.916256547001 0 0.940531790257 8 8 11.313708498985 0 0.013285916299 0 0 0 0 
60 148 0.468907103613 2.533925747109 2.576946558173 0 0.938641786575 -8 -8 11.313708498985 0 0.329846829176 0 0 0 0 
68 148 -0.772632691132 1.394607443809 1.594330956149 0 0.954655885696 -0.772632691132 1.394607443809 1.594330956149 0 0.954655885696 0 0 0 0 
76 148 -1.070847716533 0.917969815013 1.410455037667 0 0.982568800449 -1.070847716533 0.917969815013 1.410455037667 0 0.982568800449 0 0 0 0 
84 148 -1.068351335966 0.611571846677 1.23101368827 0 0.975760340691 -1.068351335966 0.611571846677 1.23101368827 0 0.975760340691 0 0 0 0 
92 148 1.019406685362 0.946784333074 1.391255031802 0 0.940595030785 1.019406685362 0.946784333074 1.391255031802 0 0.940595030785 0 0 0 0 
100 148 0.086775253497 -0.056951165351 0.1037948932 0 0.935994803905 0.086775253497 -0.056951165351 0.1037948932 0 0.935994803905 0 0 0 0 
108 148 -0.30173590994 0.42557554232 0.521688701784 0 0.978399991989 -0.30173590994 0.42557554232 0.521688701784 0 0.978399991989 0 0 0 0 
116 148 -1.097423702658 0.54884141577 1.227014948084 0 0.919678688049 8 -6 10 0 0.420067965984 0 0 0 0 
124 148 0.084926107513 2.162092876026 2.163760164228 0 0.989413201809 0.084926107513 2.162092876026 2.163760164228 0 0.989413201809 0 0 0 0 
132 148 0.947114918149 5.126618668039 5.213371810611 0 0.997222185135 0.947114918149 5.126618668039 5.213371810611 0 0.997222185135 0 0 0 0 
140 148 -2.158049403706 -5.765770792919 6.156402363826 0 0.987357258797 0.116756787527 2.517792143988 2.520497853155 0 0.987265646458 0 0 0 0 
148 148 0 0 0 0 0 0 0 0 0 0 0 0 0 0 
156 148 0 0 0 0 0 0 0 0 0 0 0 0 0 0 
12 156 0 0 0 0 0 0 0 0 0 0 0 0 0 0 
20 156 0 0 0 0 0 0 0 0 0 0 0 0 0 0 
28 156 0 0 0 0 0 0 0 0 0 0 0 0 0 0 
36 156 0.709352762442 -0.935533732174 1.17405481372 0 0.984982192516 0.709352762442 -0.935533732174 1.17405481372 0 0.984982192516 0 0 0 0 
44 156 0.888102580756 -0.613823641261 1.079585872692 0 0.993402242661 0.888102580756 -0.613823641261 1.079585872692 0 0.993402242661 0 0 0 0 
52 156 0.811643895556 1.829104070947 2.001096578266 0 0.825634598732 8 8 11.313708498985 0 0.490338385105 0 0 0 0 
60 156 0.175218704262 1.972492230504 1.980259375365 0 0.932430386543 -8 8 11.313708498985 0 0.352645903826 0 0 0 0 
68 156 -0.96495875488 0.098861788722 0.970009820512 0 0.96525478363 -0.96495875488 0.098861788722 0.970009820512 0 0.96525478363 0 0 0 0 
76 156 -0.676373822906 -0.213942992652 0.709403377788 0 0.939689457417 -0.676373822906 -0.213942992652 0.709403377788 0 0.939689457417 0 0 0 0 
84 156 -0.567982788804 0.130059046748 0.582683279337 0 0.953865230083 -8 8 11.313708498985 0 -0.493621975183 0 0 0 0 
92 156 -0.286882414546 0.844226405234 0.891638796301 0 0.978777945042 -0.286882414546 0.844226405234 0.891638796301 0 0.978777945042 0 0 0 0 
100 156 0.477310792865 0.145086817415 0.498874510847 0 0.960397899151 0.477310792865 0.145086817415 0.498874510847 0 0.960397899151 0 0 0 0 
108 156 -0.186709951218 0.251517207352 0.313243533817 0 0.976563513279 -0.186709951218 0.251517207352 0.313243533817 0 0.976563513279 0 0 0 0 
116 156 -0.792981986529 0.66121035195 1.032482232527 0 0.923825144768 -2 8 8.246211251235 0 0.757736325264 0 0 0 0 
124 156 0.872562109657 2.756271915322 2.89108967457 0 0.982726097107 -8 1 8.062257748299 0 0.253267139196 0 0 0 0 
132 156 0.785657366014 4.1809074614 4.254085647653 0 0.994760811329 0.785657366014 4.1809074614 4.254085647653 0 0.994760811329 0 0 0 0 
140 156 0.167914703807 2.946605635148 2.951386134826 0 0.989728152752 -2.328672354409 -4.977542714769 5.495329508914 0 0.903376579285 0 0 0 0 
148 156 0 0 0 0 0 0 0 0 0 0 0 0 0 0 
156 156 0 0 0 0 0 0 0 0 0 0 0 0 0 0 
12 164 0 0 0 0 0 0 0 0 0 0 0 0 0 0 
20 164 0 0 0 0 0 0 0 0 0 0 0 0 0 0 
28 164 0 0 0 0 0 0 0 0 0 0 0 0 0 0 
36 164 -0.07275313262 -0.523996506538 0.529023021399 0 0.980673849583 -0.07275313262 -0.523996506538 0.529023021399 0 0.980673849583 0 0 0 0 
44 164 0.534745307217 0.295460454983 0.610941424401 0 0.990460038185 0.534745307217 0.295460454983 0.610941424401 0 0.990460038185 0 0 0 0 
52 164 0.189487910219 -0.553685641104 0.585212318124 0 0.957477033138 8 -8 11.313708498985 0 0.235886648297 0 0 0 0 
60 164 1.080746643183 -0.208014927839 1.100583262164 0 0.856851696968 -5.94765609055 -4.215315228651 7.289958535435 0 0.765744149685 0 0 0 0 
68 164 -1.922987167483 -3.08851296092 3.638240227922 0 0.970894217491 -8 8 11.313708498985 0 0.508828639984 0 0 0 0 
76 164 -0.405347268388 1.959116560728 2.000610933317 0 0.950559675694 -0.405347268388 1.959116560728 2.000610933317 0 0.950559675694 0 0 0 0 
84 164 -0.04315867326 -0.264292174461 0.267792876228 0 0.892778038979 -8 7 10.630145812735 0 0.114064857364 0 0 0 0 
92 164 -0.321133359714 -0.061779578979 0.327021942841 0 0.970165848732 -0.321133359714 -0.061779578979 0.327021942841 0 0.970165848732 0 0 0 0 
100 164 1.867631342057 4.148977390555 4.54995167196 0 0.884670257568 1.867631342057 4.148977390555 4.54995167196 0 0.884670257568 0 0 0 0 
108 164 -0.367333184721 -2.888729553205 2.911991088613 0 0.953445792198 8 6 10 0 0.468815207481 0 0 0 0 
116 164 -0.75766374515 -2.175407708159 2.303573972642 0 0.914849579334 -0.75766374515 -2.175407708159 2.303573972642 0 0.914849579334 0 0 0 0 
124 164 0.306617852094 -3.585326718582 3.598413843099 0 0.942985236645 0.306617852094 -3.585326718582 3.598413843099 0 0.942985236645 0 0 0 0 
132 164 0.186366168497 -3.725111100621 3.729770108295 0 0.985767126083 0.186366168497 -3.725111100621 3.729770108295 0 0.985767126083 0 0 0 0 
140 164 -1.128923022361 -3.88515325678 4.045847626776 0 0.838901519775 -1.128923022361 -3.88515325678 4.045847626776 0 0.838901519775 0 0 0 0 
148 164 0 0 0 0 0 0 0 0 0 0 0 0 0 0 
156 164 0 0 0 0 0 0 0 0 0 0 0 0 0 0 
12 172 0 0 0 0 0 0 0 0 0 0 0 0 0 0 
20 172 0 0 0 0 0 0 0 0 0 0 0 0 0 0 
28 172 0 0 0 0 0 0 0 0 0 0 0 0 0 0 
36 172 0.035403757006 0.077651959259 0.085341975528 0 0.999915003777 -3 -8 8.544003745318 0 0.969537615776 0 0 0 0 
44 172 0.049313035123 -0.340359405869 0.343913216665 0 0.991670310497 0.049313035123 -0.340359405869 0.343913216665 0 0.991670310497 0 0 0 0 
52 172 2.840298441774 1.340556742718 3.140762267156 0 0.977724373341 2.840298441774 1.340556742718 3.140762267156 0 0.977724373341 0 0 0 0 
60 172 2.90594984319 0.823374685979 3.020346067034 0 0.977193772793 8 -8 11.313708498985 0 0.439832866192 0 0 0 0 
68 172 1.524197171989 2.329728260059 2.784027798858 0 0.856641352177 -5 -8 9.433981132057 0 0.365861445665 0 0 0 0 
76 172 0.608798423836 2.697188881177 2.765043106646 0 0.952847480774 -8 8 11.313708498985 0 0.158428624272 0 0 0 0 
84 172 -0.242367888247 -0.760436679636 0.7981266422 0 0.941476047039 -0.242367888247 -0.760436679636 0.7981266422 0 0.941476047039 0 0 0 0 
92 172 -0.324171808493 -0.725833490281 0.794934976609 0 0.9659537673 -0.324171808493 -0.725833490281 0.794934976609 0 0.9659537673 0 0 0 0 
100 172 -1.129876865182 0.002997834714 1.129880842163 0 0.966798901558 -1.129876865182 0.002997834714 1.129880842163 0 0.966798901558 0 0 0 0 
108 172 -2.292144033598 -1.605817410615 2.798673583503 0 0.700971007347 8 1 8.062257748299 0 0.354485064745 0 0 0 0 
116 172 1.166130949836 -0.708926441649 1.36471172481 0 0.881101608276 1.166130949836 -0.708926441649 1.36471172481 0 0.881101608276 0 0 0 0 
124 172 0.654049362102 -3.01498221823 3.085109130049 0 0.977918028831 -8 8 11.313708498985 0 0.8155798316 0 0 0 0 
132 172 0.686160594113 -3.235888887531 3.307838154046 0 0.99061858654 0.686160594113 -3.235888887531 3.307838154046 0 0.99061858654 0 0 0 0 
140 172 0.365670348438 -4.586224834859 4.600779612153 0 0.907448172569 0.365670348438 -4.586224834859 4.600779612153 0 0.907448172569 0 0 0 0 
148 172 0 0 0 0 0 0 0 0 0 0 0 0 0 0 
156 172 0 0 0 0 0 0 0 0 0 0 0 0 0 0 
12 180 0 0 0 0 0 0 0 0 0 0 0 0 0 0 
20 180 0 0 0 0 0 0 0 0 0 0 0 0 0 0 
28 180 0 0 0 0 0 0 0 0 0 0 0 0 0 0 
36 180 0 0 0 0 0 0 0 0 0 0 0 0 0 0 
44 180 4.179154385286 1.792228289919 4.54724241923 0 0.997918188572 -8 -8 11.313708498985 0 0.995081543922 0 0 0 0 
52 180 1.102355117029 -1.104018338223 1.560142075316 0 0.970289289951 -8 -8 11.313708498985 0 0.967059195042 0 0 0 0 
60 180 -2.792415405349 -5.26546720412 5.960094686638 0 0.969297409058 5.870592263162 7.254090023554 9.331970616656 0 0.964512646198 0 0 0 0 
68 180 2.014004108421 3.672452395157 4.188450685329 0 0.975933849812 8 -8 11.313708498985 0 0.317881345749 0 0 0 0 
76 180 0.91570115973 3.498114648208 3.615980462604 0 0.808743000031 -8 -8 11.313708498985 0 0.466453224421 0 0 0 0 
84 180 1.107635079994 1.432301301212 1.810619365822 0 0.961510062218 1.107635079994 1.432301301212 1.810619365822 0 0.961510062218 0 0 0 0 
92 180 0.518146159276 1.821231538105 1.893504623116 0 0.927064061165 0.518146159276 1.821231538105 1.893504623116 0 0.927064061165 0 0 0 0 
100 180 -0.310322098655 2.218942709456 2.240537112561 0 0.967646360397 -0.310322098655 2.218942709456 2.240537112561 0 0.967646360397 0 0 0 0 
108 180 -1.861911555476 4.052463781764 4.459728393403 0 0.854795515537 -8 -8 11.313708498985 0 0.532252728939 0 0 0 0 
116 180 -4.953086394889 7.128949201032 8.680724713186 0 0.982661008835 -8 -8 11.313708498985 0 0.594292461872 0 0 0 0 
124 180 -7 8 10.630145812735 0 0.949965298176 -8 -8 11.313708498985 0 0.390113115311 0 0 0 0 
132 180 -0.643858276097 -0.532142964637 0.835302109725 0 0.991785287857 -0.643858276097 -0.532142964637 0.835302109725 0 0.991785287857 0 0 0 0 
140 180 -1.937157523974 0.123526325702 1.941091967381 0 0.998715877533 -1.937157523974 0.123526325702 1.941091967381 0 0.998715877533 0 0 0 0 
148 180 0 0 0 0 0 0 0 0 0 0 0 0 0 0 
156 180 0 0 0 0 0 0 0 0 0 0 0 0 0 0 
12 188 0 0 0 0 0 0 0 0 0 0 0 0 0 0 
20 188 0 0 0 0 0 0 0 0 0 0 0 0 0 0 
28 188 0 0 0 0 0 0 0 0 0 0 0 0 0 0 
36 188 0 0 0 0 0 0 0 0 0 0 0 0 0 0 
44 188 0 0 0 0 0 0 0 0 0 0 0 0 0 0 
52 188 -2.064850327037 -3.951200828975 4.458205341161 0 0.998021364212 5 8 9.433981132057 0 0.990571081638 0 0 0 0 
60 188 1.351404119343 2.630149621397 2.957022171833 0 0.990560054779 -6 -8 10 0 0.964035749435 0 0 0 0 
68 188 1.914283016941 3.89416172374 4.33923668398 0 0.986882269382 8 -8 11.313708498985 0 0.058060798794 0 0 0 0 
76 188 -1.831155389584 2.012404882185 2.720827717928 0 0.978696286678 8 -8 11.313708498985 0 0.453882962465 0 0 0 0 
84 188 -0.759525875567 2.541531457048 2.65259527686 0 0.958681225777 -0.759525875567 2.541531457048 2.65259527686 0 0.958681225777 0 0 0 0 
92 188 1.877602471467 1.988928783441 2.735183494112 0 0.935144305229 1.877602471467 1.988928783441 2.735183494112 0 0.935144305229 0 0 0 0 
100 188 0.525068648109 1.166227912808 1.278977963 0 0.885901153088 -6 -8 10 0 0.330120116472 0 0 0 0 
108 188 2.048778831033 0.095047504357 2.050982380854 0 0.990898489952 -8 -8 11.313708498985 0 0.387384623289 0 0 0 0 
116 188 4.412368815078 -2.508758637953 5.075713591583 0 0.988752484322 -8 -8 11.313708498985 0 0.221687018871 0 0 0 0 
124 188 4.285570082749 -3.63679744766 5.620712286664 0 0.986267089844 -6 8 10 0 0.985429286957 0 0 0 0 
132 188 3.46074185747 -4.760229523919 5.88527988497 0 0.971166193485 -4.528040244117 5.347255529604 7.006874492327 0 0.968321442604 0 0 0 0 
140 188 0 0 0 0 0 0 0 0 0 0 0 0 0 0 
148 188 0 0 0 0 0 0 0 0 0 0 0 0 0 0 
156 188 0 0 0 0 0 0 0 0 0 0 0 0 0 0 
12 196 0 0 0 0 0 0 0 0 0 0 0 0 0 0 
20 196 0 0 0 0 0 0 0 0 0 0 0 0 0 0 
28 196 0 0 0 0 0 0 0 0 0 0 0 0 0 0 
36 196 0 0 0 0 0 0 0 0 0 0 0 0 0 0 
44 196 0 0 0 0 0 0 0 0 0 0 0 0 0 0 
52 196 0 0 0 0 0 0 0 0 0 0 0 0 0 0 
60 196 -0.105200367098 1.988420777708 1.991201724201 0 0.999697268009 -0.105200367098 1.988420777708 1.991201724201 0 0.999697268009 0 0 0 0 
68 196 7.089614992883 6.010495777204 9.29455218045 0 0.993719875813 7.089614992883 6.010495777204 9.29455218045 0 0.993719875813 0 0 0 0 
76 196 -3.628342259274 0.805437116471 3.716664700914 0 0.987283110619 8 -8 11.313708498985 0 0.653281033039 0 0 0 0 
84 196 -1.892248133121 2.256287445876 2.944730214419 0 0.980077028275 5.536848269349 -7.391807092019 9.235556336432 0 0.78814381361 0 0 0 0 
92 196 2.311657324986 1.615905210042 2.820444864911 0 0.985286414623 -1.90799259985 -6.92870665749 7.186613368383 0 0.769189834595 0 0 0 0 
100 196 0.19126122106 0.893190956861 0.913439073009 0 0.987733244896 -8 -7 10.630145812735 0 0.757700800896 0 0 0 0 
108 196 2.008247389244 0.082192763008 2.009928662091 0 0.998363494873 2.008247389244 0.082192763008 2.009928662091 0 0.998363494873 0 0 0 0 
116 196 1.98749303409 0.003600905607 1.987496296117 0 0.997014403343 1.98749303409 0.003600905607 1.987496296117 0 0.997014403343 0 0 0 0 
124 196 -6 8 10 0 0.998956024647 3.638527291896 -3.301688321941 4.913250108544 0 0.979314386845 0 0 0 0 
132 196 0 0 0 0 0 0 0 0 0 0 0 0 0 0 
140 196 0 0 0 0 0 0 0 0 0 0 0 0 0 0 
148 196 0 0 0 0 0 0 0 0 0 0 0 0 0 0 
156 196 0 0 0 0 0 0 0 0 0 0 0 0 0 0 
12 204 0 0 0 0 0 0 0 0 0 0 0 0 0 0 
20 204 0 0 0 0 0 0 0 0 0 0 0 0 0 0 
28 204 0 0 0 0 0 0 0 0 0 0 0 0 0 0 
36 204 0 0 0 0 0 0 0 0 0 0 0 0 0 0 
44 204 0 0 0 0 0 0 0 0 0 0 0 0 0 0 
52 204 0 0 0 0 0 0 0 0 0 0 0 0 0 0 
60 204 0 0 0 0 0 0 0 0 0 0 0 0 0 0 
68 204 8 6 10 0 1 0.205842590605 2.045549623648 2.055880452486 0 0.997612774372 0 0 0 0 
76 204 -8 0 8 0 0.992231011391 -0.044803907554 3.950336081605 3.950590151833 0 0.987175047398 0 0 0 0 
84 204 -8 0 8 0 0.926952719688 8 1 8.062257748299 0 0.661635696888 0 0 0 0 
92 204 -7.099960869791 1.192262038983 7.199370328172 0 0.956338524818 2.48728520484 1.06806849641 2.706909308278 0 0.932269275188 0 0 0 0 
100 204 -6.85005110171 1.411523124601 6.993968660733 0 0.967325866222 1.373165886792 0.227201369924 1.391835124986 0 0.952663779259 0 0 0 0 
108 204 2.072340686014 -0.069689572078 2.073512130508 0 0.99951261282 2.072340686014 -0.069689572078 2.073512130508 0 0.99951261282 0 0 0 0 
116 204 2.058384403031 -0.09210140372 2.060443888877 0 0.999840021133 -3.545550507674 2.348894121272 4.253026216168 0 0.987232804298 0 0 0 0 
124 204 0 0 0 0 0 0 0 0 0 0 0 0 0 0 
132 204 0 0 0 0 0 0 0 0 0 0 0 0 0 0 
140 204 0 0 0 0 0 0 0 0 0 0 0 0 0 0 
148 204 0 0 0 0 0 0 0 0 0 0 0 0 0 0 
156 204 0 0 0 0 0 0 0 0 0 0 0 0 0 0 
12 212 0 0 0 0 0 0 0 0 0 0 0 0 0 0 
20 212 0 0 0 0 0 0 0 0 0 0 0 0 0 0 
28 212 0 0 0 0 0 0 0 0 0 0 0 0 0 0 
36 212 0 0 0 0 0 0 0 0 0 0 0 0 0 0 
44 212 0 0 0 0 0 0 0 0 0 0 0 0 0 0 
52 212 0 0 0 0 0 0 0 0 0 0 0 0 0 0 
60 212 0 0 0 0 0 0 0 0 0 0 0 0 0 0 
68 212 0 0 0 0 0 0 0 0 0 0 0 0 0 0 
76 212 0 0 0 0 0 0 0 0 0 0 0 0 0 0 
84 212 0 0 0 0 0 0 0 0 0 0 0 0 0 0 
92 212 0 0 0 0 0 0 0 0 0 0 0 0 0 0 
100 212 0 0 0 0 0 0 0 0 0 0 0 0 0 0 
108 212 0 0 0 0 0 0 0 0 0 0 0 0 0 0 
116 212 0 0 0 0 0 0 0 0 0 0 0 0 0 0 
124 212 0 0 0 0 0 0 0 0 0 0 0 0 0 0 
132 212 0 0 0 0 0 0 0 0 0 0 0 0 0 0 
140 212 0 0 0 0 0 0 0 0 0 0 0 0 0 0 
148 212 0 0 0 0 0 0 0 0 0 0 0 0 0 0 
156 212 0 0 0 0 0 0 0 0 0 0 0 0 0 0 
12 220 0 0 0 0 0 0 0 0 0 0 0 0 0 0 
20 220 0 0 0 0 0 0 0 0 0 0 0 0 0 0 
28 220 0 0 0 0 0 0 0 0 0 0 0 0 0 0 
36 220 0 0 0 0 0 0 0 0 0 0 0 0 0 0 
44 220 0 0 0 0 0 0 0 0 0 0 0 0 0 0 
52 220 0 0 0 0 0 0 0 0 0 0 0 0 0 0 
60 220 0 0 0 0 0 0 0 0 0 0 0 0 0 0 
68 220 0 0 0 0 0 0 0 0 0 0 0 0 0 0 
76 220 0 0 0 0 0 0 0 0 0 0 0 0 0 0 
84 220 0 0 0 0 0 0 0 0 0 0 0 0 0 0 
92 220 0 0 0 0 0 0 0 0 0 0 0 0 0 0 
100 220 0 0 0 0 0 0 0 0 0 0 0 0 0 0 
108 220 0 0 0 0 0 0 0 0 0 0 0 0 0 0 
116 220 0 0 0 0 0 0 0 0 0 0 0 0 0 0 
124 220 0 0 0 0 0 0 0 0 0 0 0 0 0 0 
132 220 0 0 0 0 0 0 0 0 0 0 0 0 0 0 
140 220 0 0 0 0 0 0 0 0 0 0 0 0 0 0 
148 220 0 0 0 0 0 0 0 0 0 0 0 0 0 0 
156 220 0 0 0 0 0 0 0 0 0 0 0 0 0 0 
12 228 0 0 0 0 0 0 0 0 0 0 0 0 0 0 
20 228 0 0 0 0 0 0 0 0 0 0 0 0 0 0 
28 228 0 0 0 0 0 0 0 0 0 0 0 0 0 0 
36 228 0 0 0 0 0 0 0 0 0 0 0 0 0 0 
44 228 0 0 0 0 0 0 0 0 0 0 0 0 0 0 
52 228 0 0 0 0 0 0 0 0 0 0 0 0 0 0 
60 228 0 0 0 0 0 0 0 0 0 0 0 0 0 0 
68 228 0 0 0 0 0 0 0 0 0 0 0 0 0 0 
76 228 0 0 0 0 0 0 0 0 0 0 0 0 0 0 
84 228 0 0 0 0 0 0 0 0 0 0 0 0 0 0 
92 228 0 0 0 0 0 0 0 0 0 0 0 0 0 0 
100 228 0 0 0 0 0 0 0 0 0 0 0 0 0 0 
108 228 0 0 0 0 0 0 0 0 0 0 0 0 0 0 
116 228 0 0 0 0 0 0 0 0 0 0 0 0 0 0 
124 228 0 0 0 0 0 0 0 0 0 0 0 0 0 0 
132 228 0 0 0 0 0 0 0 0 0 0 0 0 0 0 
140 228 0 0 0 0 0 0 0 0 0 0 0 0 0 0 
148 228 0 0 0 0 0 0 0 0 0 0 0 0 0 0 
156 228 0 0 0 0 0 0 0 0 0 0 0 0 0 0 
