12 12 0 0 0 0 0 0 0 0 0 0 0 0 0 0 
20 12 0 0 0 0 0 0 0 0 0 0 0 0 0 0 
28 12 0 0 0 0 0 0 0 0 0 0 0 0 0 0 
36 12 0 0 0 0 0 0 0 0 0 0 0 0 0 0 
44 12 0 0 0 0 0 0 0 0 0 0 0 0 0 0 
52 12 0 0 0 0 0 0 0 0 0 0 0 0 0 0 
60 12 0 0 0 0 0 0 0 0 0 0 0 0 0 0 
68 12 0 0 0 0 0 0 0 0 0 0 0 0 0 0 
76 12 0 0 0 0 0 0 0 0 0 0 0 0 0 0 
84 12 0 0 0 0 0 0 0 0 0 0 0 0 0 0 
92 12 0 0 0 0 0 0 0 0 0 0 0 0 0 0 
100 12 0 0 0 0 0 0 0 0 0 0 0 0 0 0 
108 12 0 0 0 0 0 0 0 0 0 0 0 0 0 0 
116 12 0 0 0 0 0 0 0 0 0 0 0 0 0 0 
124 12 0 0 0 0 0 0 0 0 0 0 0 0 0 0 
132 12 0 0 0 0 0 0 0 0 0 0 0 0 0 0 
140 12 0 0 0 0 0 0 0 0 0 0 0 0 0 0 
148 12 0 0 0 0 0 0 0 0 0 0 0 0 0 0 
156 12 0 0 0 0 0 0 0 0 0 0 0 0 0 0 
12 20 0 0 0 0 0 0 0 0 0 0 0 0 0 0 
20 20 0 0 0 0 0 0 0 0 0 0 0 0 0 0 
28 20 0 0 0 0 0 0 0 0 0 0 0 0 0 0 
36 20 0 0 0 0 0 0 0 0 0 0 0 0 0 0 
44 20 0 0 0 0 0 0 0 0 0 0 0 0 0 0 
52 20 0 0 0 0 0 0 0 0 0 0 0 0 0 0 
60 20 0 0 0 0 0 0 0 0 0 0 0 0 0 0 
68 20 0 0 0 0 0 0 0 0 0 0 0 0 0 0 
76 20 0 0 0 0 0 0 0 0 0 0 0 0 0 0 
84 20 0 0 0 0 0 0 0 0 0 0 0 0 0 0 
92 20 0 0 0 0 0 0 0 0 0 0 0 0 0 0 
100 20 0 0 0 0 0 0 0 0 0 0 0 0 0 0 
108 20 0 0 0 0 0 0 0 0 0 0 0 0 0 0 
116 20 0 0 0 0 0 0 0 0 0 0 0 0 0 0 
124 20 0 0 0 0 0 0 0 0 0 0 0 0 0 0 
132 20 0 0 0 0 0 0 0 0 0 0 0 0 0 0 
140 20 0 0 0 0 0 0 0 0 0 0 0 0 0 0 
148 20 0 0 0 0 0 0 0 0 0 0 0 0 0 0 
156 20 0 0 0 0 0 0 0 0 0 0 0 0 0 0 
12 28 0 0 0 0 0 0 0 0 0 0 0 0 0 0 
20 28 0 0 0 0 0 0 0 0 0 0 0 0 0 0 
28 28 0 0 0 0 0 0 0 0 0 0 0 0 0 0 
36 28 0 0 0 0 0 0 0 0 0 0 0 0 0 0 
44 28 0 0 0 0 0 0 0 0 0 0 0 0 0 0 
52 28 0 0 0 0 0 0 0 0 0 0 0 0 0 0 
60 28 0 0 0 0 0 0 0 0 0 0 0 0 0 0 
68 28 0 0 0 0 0 0 0 0 0 0 0 0 0 0 
76 28 0 0 0 0 0 0 0 0 0 0 0 0 0 0 
84 28 -8 2 8.246211251235 0 0.992310106754 4.444595356685 -0.274846616866 4.4530852841 0 0.982919156551 0 0 0 0 
92 28 -6.00904015861 1.723477751731 6.251314996742 0 0.981034338474 -6.00904015861 1.723477751731 6.251314996742 0 0.981034338474 0 0 0 0 
100 28 -3.021438604066 1.140976341013 3.229693212813 0 0.964866697788 -3.021438604066 1.140976341013 3.229693212813 0 0.964866697788 0 0 0 0 
108 28 -3.771189113914 1.143079072507 3.940621410249 0 0.908611416817 -3.771189113914 1.143079072507 3.940621410249 0 0.908611416817 0 0 0 0 
116 28 -1.126555666325 -0.314270817733 1.169569927882 0 0.922290921211 -1.126555666325 -0.314270817733 1.169569927882 0 0.922290921211 0 0 0 0 
124 28 -3.551484958125 -2.06706170387 4.109232226997 0 0.993333756924 7.038434060376 7.185204362519 10.058166619887 0 0.976829409599 0 0 0 0 
132 28 -0.072921765498 2.121043258561 2.122296418639 0 1 4.990021812919 5.009978187081 7.071081892358 0 0.999022960663 0 0 0 0 
140 28 0 0 0 0 0 0 0 0 0 0 0 0 0 0 
148 28 0 0 0 0 0 0 0 0 0 0 0 0 0 0 
156 28 0 0 0 0 0 0 0 0 0 0 0 0 0 0 
12 36 0 0 0 0 0 0 0 0 0 0 0 0 0 0 
20 36 0 0 0 0 0 0 0 0 0 0 0 0 0 0 
28 36 0 0 0 0 0 0 0 0 0 0 0 0 0 0 
36 36 0 0 0 0 0 0 0 0 0 0 0 0 0 0 
44 36 0 0 0 0 0 0 0 0 0 0 0 0 0 0 
52 36 0 0 0 0 0 0 0 0 0 0 0 0 0 0 
60 36 0 0 0 0 0 0 0 0 0 0 0 0 0 0 
68 36 -1.14402022574 -3.145790956855 3.347354630322 0 0.999402701855 -7.160936721306 6.830354317121 9.896097959497 0 0.99914419651 0 0 0 0 
76 36 -3.048425171742 -1.948521734384 3.61795978102 0 0.990944445133 8 -6 10 0 0.737744033337 0 0 0 0 
84 36 -6.68408110765 1.04972812099 6.766008378774 0 0.982808768749 7.312142772553 -1.999744054329 7.580660143353 0 0.879753768444 0 0 0 0 
92 36 -8 2 8.246211251235 0 0.985502898693 -8 2 8.246211251235 0 0.985502898693 0 0 0 0 
100 36 -2.03408631525 0.593128392712 2.118798817285 0 0.990704596043 -2.03408631525 0.593128392712 2.118798817285 0 0.990704596043 0 0 0 0 
108 36 -3.30464166604 0.726043539933 3.38345914159 0 0.977161288261 -3.30464166604 0.726043539933 3.38345914159 0 0.977161288261 0 0 0 0 
116 36 -1.442148930156 -0.055697420346 1.443224078022 0 0.9694455266 8 8 11.313708498985 0 0.761318027973 0 0 0 0 
124 36 8 8 11.313708498985 0 0.98776859045 8 8 11.313708498985 0 0.98776859045 0 0 0 0 
132 36 7 8 10.630145812735 0 0.994145154953 -6.442041044319 -4.63631974788 7.936961233449 0 0.974021077156 0 0 0 0 
140 36 -0.21395436776 -0.036745570834 0.217086868464 0 1 -4.076663308354 -3.924571437466 5.658749393414 0 1 0 0 0 0 
148 36 0 0 0 0 0 0 0 0 0 0 0 0 0 0 
156 36 0 0 0 0 0 0 0 0 0 0 0 0 0 0 
12 44 0 0 0 0 0 0 0 0 0 0 0 0 0 0 
20 44 0 0 0 0 0 0 0 0 0 0 0 0 0 0 
28 44 0 0 0 0 0 0 0 0 0 0 0 0 0 0 
36 44 0 0 0 0 0 0 0 0 0 0 0 0 0 0 
44 44 0 0 0 0 0 0 0 0 0 0 0 0 0 0 
52 44 0 0 0 0 0 0 0 0 0 0 0 0 0 0 
60 44 -1.971855615453 0.413192954694 2.014681857267 0 0.997610867023 -7.004342023824 6.17615155406 9.338396822016 0 0.945013582706 0 0 0 0 
68 44 -3.009809580453 0.909178778261 3.144131002587 0 0.994368672371 2.165972924255 -7.069906585515 7.394255732426 0 0.979501307011 0 0 0 0 
76 44 -0.814810689288 -3.087953703946 3.193645963017 0 0.980377137661 8 6 10 0 0.739456355572 0 0 0 0 
84 44 -4.229494360845 -0.493930915519 4.258237933433 0 0.928921341896 8 -3 8.544003745318 0 0.876419901848 0 0 0 0 
92 44 -8 1 8.062257748299 0 0.948481857777 -8 1 8.062257748299 0 0.948481857777 0 0 0 0 
100 44 -0.673613909425 -0.058872879542 0.676181717378 0 0.944531083107 -0.673613909425 -0.058872879542 0.676181717378 0 0.944531083107 0 0 0 0 
108 44 -1.049340518343 0.603682895713 1.210598431361 0 0.947671532631 8 -6 10 0 0.454381257296 0 0 0 0 
116 44 -0.73533645375 0.593891244894 0.945212415796 0 0.964991152287 -0.73533645375 0.593891244894 0.945212415796 0 0.964991152287 0 0 0 0 
124 44 -3.783522299943 -2.974870789806 4.812992542089 0 0.978630781174 -3.783522299943 -2.974870789806 4.812992542089 0 0.978630781174 0 0 0 0 
132 44 0.886149230815 1.069808919058 1.389154988678 0 0.99219840765 0.886149230815 1.069808919058 1.389154988678 0 0.99219840765 0 0 0 0 
140 44 -0.073176959816 0.114971831585 0.136284223247 0 0.999462127686 -0.073176959816 0.114971831585 0.136284223247 0 0.999462127686 0 0 0 0 
148 44 0 0 0 0 0 0 0 0 0 0 0 0 0 0 
156 44 0 0 0 0 0 0 0 0 0 0 0 0 0 0 
12 52 0 0 0 0 0 0 0 0 0 0 0 0 0 0 
20 52 0 0 0 0 0 0 0 0 0 0 0 0 0 0 
28 52 0 0 0 0 0 0 0 0 0 0 0 0 0 0 
36 52 0 0 0 0 0 0 0 0 0 0 0 0 0 0 
44 52 0 0 0 0 0 0 0 0 0 0 0 0 0 0 
52 52 0.916183591467 -1.140867224264 1.463205520996 0 0.996305167675 -3 8 8.544003745318 0 0.981436610222 0 0 0 0 
60 52 -0.077875864343 -0.975413969104 0.978517787968 0 0.99810564518 -0.077875864343 -0.975413969104 0.978517787968 0 0.99810564518 0 0 0 0 
68 52 -1.497734479723 -0.433210951814 1.559128057769 0 0.991380512714 -1.497734479723 -0.433210951814 1.559128057769 0 0.991380512714 0 0 0 0 
76 52 -2.01413955283 0.051813121668 2.014805880935 0 0.984921336174 -2.01413955283 0.051813121668 2.014805880935 0 0.984921336174 0 0 0 0 
84 52 -1.880784214571 -3.841738863532 4.277418235029 0 0.884105563164 8 -6 10 0 0.702663421631 0 0 0 0 
92 52 -2.020947927559 2.049886987144 2.878587706839 0 0.854610562325 -2.020947927559 2.049886987144 2.878587706839 0 0.854610562325 0 0 0 0 
100 52 0.011129137189 0.530402872476 0.530519617758 0 0.930856645107 0.011129137189 0.530402872476 0.530519617758 0 0.930856645107 0 0 0 0 
108 52 -0.924536176301 0.00756647478 0.924567138087 0 0.906906425953 8 -8 11.313708498985 0 0.079677067697 0 0 0 0 
116 52 -0.543161019012 -0.027706787736 0.543867225213 0 0.86840826273 8 -8 11.313708498985 0 0.3371963799 0 0 0 0 
124 52 -0.303586388214 -0.780269548813 0.837248627299 0 0.980529367924 -0.303586388214 -0.780269548813 0.837248627299 0 0.980529367924 0 0 0 0 
132 52 -0.606854334794 -1.313922774739 1.447295837635 0 0.993136465549 -0.606854334794 -1.313922774739 1.447295837635 0 0.993136465549 0 0 0 0 
140 52 -0.645426740071 -1.243934524725 1.401409568471 0 0.993193805218 -0.645426740071 -1.243934524725 1.401409568471 0 0.993193805218 0 0 0 0 
148 52 -2 -8 8.246211251235 0 1 -2.613947354332 1.251653697445 2.89816454839 0 0.547824203968 0 0 0 0 
156 52 0 0 0 0 0 0 0 0 0 0 0 0 0 0 
12 60 0 0 0 0 0 0 0 0 0 0 0 0 0 0 
20 60 0 0 0 0 0 0 0 0 0 0 0 0 0 0 
28 60 0 0 0 0 0 0 0 0 0 0 0 0 0 0 
36 60 0 0 0 0 0 0 0 0 0 0 0 0 0 0 
44 60 0 0 0 0 0 0 0 0 0 0 0 0 0 0 
52 60 2.572891736538 -3.214208637857 4.117148170229 0 0.988817155361 -5 8 9.433981132057 0 0.912736356258 0 0 0 0 
60 60 3.162211058367 -3.604346137752 4.794881631322 0 0.988981842995 -5 8 9.433981132057 0 0.924507081509 0 0 0 0 
68 60 1.074612096067 -1.7945916315 2.091733797801 0 0.982782900333 -5 8 9.433981132057 0 0.855293154716 0 0 0 0 
76 60 -1.420392198415 -0.46372275584 1.49417294568 0 0.943768620491 8 8 11.313708498985 0 -0.030257759616 0 0 0 0 
84 60 0.377755865604 -0.601512495318 0.710293443601 0 0.869314730167 0.377755865604 -0.601512495318 0.710293443601 0 0.869314730167 0 0 0 0 
92 60 -2.040175237044 0.885079063536 2.223888474397 0 0.900007367134 -2.040175237044 0.885079063536 2.223888474397 0 0.900007367134 0 0 0 0 
100 60 -1.633337495998 1.107947288882 1.973661209725 0 0.93094009161 -1.633337495998 1.107947288882 1.973661209725 0 0.93094009161 0 0 0 0 
108 60 -1.030627357163 0.771560694333 1.287438796359 0 0.875333309174 8 8 11.313708498985 0 -0.052585467696 0 0 0 0 
116 60 -0.278234192126 -1.268458052646 1.298614683804 0 0.871564388275 8 8 11.313708498985 0 0.175740078092 0 0 0 0 
124 60 -3.384844573395 -1.901587802123 3.882423077825 0 0.742975473404 2 8 8.246211251235 0 0.152424067259 0 0 0 0 
132 60 -0.08397591929 5.629357591917 5.629983912294 0 0.994590699673 -0.08397591929 5.629357591917 5.629983912294 0 0.994590699673 0 0 0 0 
140 60 -0.202456131115 5.585060030131 5.58872830125 0 0.995603501797 -0.202456131115 5.585060030131 5.58872830125 0 0.995603501797 0 0 0 0 
148 60 -2.494270794109 -7.480994193308 7.885851946027 0 0.71463239193 -2.497251393869 1.091357849269 2.725312180163 0 0.620319008827 0 0 0 0 
156 60 0 0 0 0 0 0 0 0 0 0 0 0 0 0 
12 68 0 0 0 0 0 0 0 0 0 0 0 0 0 0 
20 68 0 0 0 0 0 0 0 0 0 0 0 0 0 0 
28 68 0 0 0 0 0 0 0 0 0 0 0 0 0 0 
36 68 0 0 0 0 0 0 0 0 0 0 0 0 0 0 
44 68 -4.069065498356 5.991763274473 7.24282549612 0 0.9972859025 5.623944936188 -6.106648336039 8.301801644542 0 0.994529128075 0 0 0 0 
52 68 2.756073347497 -3.258936056643 4.268091437407 0 0.989127039909 -6 8 10 0 0.968633890152 0 0 0 0 
60 68 2.934670767019 -2.951913223529 4.162461313939 0 0.989385783672 -5 8 9.433981132057 0 0.910011410713 0 0 0 0 
68 68 1.184965759812 -1.976106966261 2.304157675601 0 0.873028039932 -3.25289593999 6.691807384663 7.440538829267 0 0.696037173271 0 0 0 0 
76 68 -1.196959220909 -0.168124995152 1.208708976765 0 0.917985498905 -1.196959220909 -0.168124995152 1.208708976765 0 0.917985498905 0 0 0 0 
84 68 -0.425647493891 0.001982846933 0.425652112338 0 0.924090564251 -8 -8 11.313708498985 0 -0.162739440799 0 0 0 0 
92 68 1 8 8.062257748299 0 0.838048875332 1 8 8.062257748299 0 0.838048875332 0 0 0 0 
100 68 -2.09807271965 0.91730744351 2.289838877052 0 0.73111563921 7 -8 10.630145812735 0 0.48968398571 0 0 0 0 
108 68 -1.072922933179 1.668802674373 1.983952112964 0 0.754303753376 5 -8 9.433981132057 0 0.486404061317 0 0 0 0 
116 68 -0.72522634265 1.372291303023 1.552139384342 0 0.744183301926 -2 8 8.246211251235 0 0.593254029751 0 0 0 0 
124 68 -1 8 8.062257748299 0 0.435569167137 -8 6 10 0 0.434317201376 0 0 0 0 
132 68 -0.151084601638 2.835641665965 2.839663750272 0 0.99059432745 -0.151084601638 2.835641665965 2.839663750272 0 0.99059432745 0 0 0 0 
140 68 -0.221911958429 2.734854236053 2.743842672194 0 0.992229282856 -0.221911958429 2.734854236053 2.743842672194 0 0.992229282856 0 0 0 0 
148 68 -2 8 8.246211251235 0 0.670909821987 -2 -8 8.246211251235 0 0.392803072929 0 0 0 0 
156 68 0 0 0 0 0 0 0 0 0 0 0 0 0 0 
12 76 0 0 0 0 0 0 0 0 0 0 0 0 0 0 
20 76 0 0 0 0 0 0 0 0 0 0 0 0 0 0 
28 76 0 0 0 0 0 0 0 0 0 0 0 0 0 0 
36 76 0.498062275283 -1.78604563224 1.854191206565 0 1 0 8 8 0 0.339957118034 0 0 0 0 
44 76 1.924338438688 -3.071599650903 3.624610715931 0 0.993816673756 1.924338438688 -3.071599650903 3.624610715931 0 0.993816673756 0 0 0 0 
52 76 2.26348176555 -2.687935658305 3.514021600128 0 0.986154258251 2.26348176555 -2.687935658305 3.514021600128 0 0.986154258251 0 0 0 0 
60 76 2.91776386048 -2.973234507197 4.16574955804 0 0.973758995533 2.91776386048 -2.973234507197 4.16574955804 0 0.973758995533 0 0 0 0 
68 76 0.142386470297 -0.051959427279 0.151570739283 0 0.949673831463 -8 -8 11.313708498985 0 0.58036005497 0 0 0 0 
76 76 -0.106681620329 -0.064780067569 0.124809556005 0 0.978006958961 -0.106681620329 -0.064780067569 0.124809556005 0 0.978006958961 0 0 0 0 
84 76 0.105983845144 0.029431568389 0.109994511906 0 0.988001823425 0.105983845144 0.029431568389 0.109994511906 0 0.988001823425 0 0 0 0 
92 76 -0.255908859607 3.66305411099 3.671982402527 0 0.912314593792 8 -8 11.313708498985 0 -0.079504072666 0 0 0 0 
100 76 -1.789245474271 3.351112470638 3.798862218884 0 0.92240357399 8 -8 11.313708498985 0 0.305404245853 0 0 0 0 
108 76 -1.699545255088 2.949482870415 3.404100949878 0 0.716929972172 -8 -4 8.944271909999 0 0.621686697006 0 0 0 0 
116 76 3.896024057045 3.178040133551 5.027816876491 0 0.717728078365 -8 -7 10.630145812735 0 0.495027750731 0 0 0 0 
124 76 -0.861329199221 4.380507042256 4.464384608957 0 0.890477001667 -8 -4 8.944271909999 0 0.117624178529 0 0 0 0 
132 76 -1.928880198322 5.889416283775 6.197241562427 0 0.986821293831 -1.928880198322 5.889416283775 6.197241562427 0 0.986821293831 0 0 0 0 
140 76 -1.97268417453 5.921688169553 6.241624278172 0 0.975442230701 -1.97268417453 5.921688169553 6.241624278172 0 0.975442230701 0 0 0 0 
148 76 0 0 0 0 0 0 0 0 0 0 0 0 0 0 
156 76 0 0 0 0 0 0 0 0 0 0 0 0 0 0 
12 84 0 0 0 0 0 0 0 0 0 0 0 0 0 0 
20 84 0 0 0 0 0 0 0 0 0 0 0 0 0 0 
28 84 0 0 0 0 0 0 0 0 0 0 0 0 0 0 
36 84 0.497718641724 -2.028672280057 2.088835815997 0 0.98657053709 0.497718641724 -2.028672280057 2.088835815997 0 0.98657053709 0 0 0 0 
44 84 0.025578419106 -0.014202594736 0.029256951673 0 0.990417361259 0.025578419106 -0.014202594736 0.029256951673 0 0.990417361259 0 0 0 0 
52 84 -0.079851067374 -0.140789305886 0.161857411361 0 0.985899031162 -0.079851067374 -0.140789305886 0.161857411361 0 0.985899031162 0 0 0 0 
60 84 0.543374442574 -2.341257679676 2.403485657848 0 0.800198972225 0.543374442574 -2.341257679676 2.403485657848 0 0.800198972225 0 0 0 0 
68 84 -0.32966614069 -0.115600798026 0.349346974829 0 0.979612112045 -0.32966614069 -0.115600798026 0.349346974829 0 0.979612112045 0 0 0 0 
76 84 -0.146989386772 -0.133537012619 0.198590064109 0 0.970218539238 -0.146989386772 -0.133537012619 0.198590064109 0 0.970218539238 0 0 0 0 
84 84 0.271360946723 -0.008551562749 0.271495658588 0 0.981582403183 0.271360946723 -0.008551562749 0.271495658588 0 0.981582403183 0 0 0 0 
92 84 -0.266901989585 0.9435094178 0.980533881884 0 0.78749537468 8 -8 11.313708498985 0 0.260760784149 0 0 0 0 
100 84 -0.97068469569 2.340759556122 2.534045003157 0 0.905119419098 -0.97068469569 2.340759556122 2.534045003157 0 0.905119419098 0 0 0 0 
108 84 -1.554620719223 2.236681208623 2.723892143541 0 0.887863695621 -1.554620719223 2.236681208623 2.723892143541 0 0.887863695621 0 0 0 0 
116 84 -1.338812393199 3.023818654948 3.306946912515 0 0.868024289608 -8 8 11.313708498985 0 0.678811788559 0 0 0 0 
124 84 -1.15266953472 4.048416357738 4.209313728135 0 0.98031437397 -8 -7 10.630145812735 0 -0.167368486524 0 0 0 0 
132 84 2.096006847152 -4.822101166297 5.257937272477 0 0.995699346066 -1.832350314242 5.263103588986 5.572949583703 0 0.99508279562 0 0 0 0 
140 84 -2.067996546009 4.647764898482 5.087074627511 0 0.997341632843 1.950176751884 -5.412807664243 5.753405615257 0 0.996664404869 0 0 0 0 
148 84 0 0 0 0 0 0 0 0 0 0 0 0 0 0 
156 84 0 0 0 0 0 0 0 0 0 0 0 0 0 0 
12 92 0 0 0 0 0 0 0 0 0 0 0 0 0 0 
20 92 0 0 0 0 0 0 0 0 0 0 0 0 0 0 
28 92 0 0 0 0 0 0 0 0 0 0 0 0 0 0 
36 92 0.498196630065 -2.631027068976 2.677779550279 0 0.926406085491 0.49867149147 3.003067504956 3.044189168847 0 0.872451782227 0 0 0 0 
44 92 -0.015698145928 -1.763121194001 1.763191077711 0 0.995540738106 -0.015698145928 -1.763121194001 1.763191077711 0 0.995540738106 0 0 0 0 
52 92 -0.163931950695 -1.719271273995 1.727069019479 0 0.98904311657 -0.163931950695 -1.719271273995 1.727069019479 0 0.98904311657 0 0 0 0 
60 92 3.109463059118 3.798502361918 4.908908301193 0 0.79628020525 3.109463059118 3.798502361918 4.908908301193 0 0.79628020525 0 0 0 0 
68 92 0.080090537605 -0.533846467721 0.53982084557 0 0.976317584515 -8 8 11.313708498985 0 -0.514946460724 0 0 0 0 
76 92 -0.321067259301 -0.491853655799 0.587370584654 0 0.967021107674 -0.321067259301 -0.491853655799 0.587370584654 0 0.967021107674 0 0 0 0 
84 92 -0.150240168023 -0.179749402971 0.234268982061 0 0.950958132744 -0.150240168023 -0.179749402971 0.234268982061 0 0.950958132744 0 0 0 0 
92 92 2.088253999215 0.476210810299 2.141864024882 0 0.960417211056 -8 8 11.313708498985 0 0.708534181118 0 0 0 0 
100 92 -0.380138552724 1.267072047029 1.32286692136 0 0.96166074276 -0.380138552724 1.267072047029 1.32286692136 0 0.96166074276 0 0 0 0 
108 92 -0.420880106984 1.036390325949 1.11859061867 0 0.894931435585 -0.420880106984 1.036390325949 1.11859061867 0 0.894931435585 0 0 0 0 
116 92 0.04669319822 1.885177131002 1.885755304915 0 0.888628125191 5 -8 9.433981132057 0 0.704119861126 0 0 0 0 
124 92 1.899473481763 -3.265122935866 3.777436603603 0 0.990540087223 1.899473481763 -3.265122935866 3.777436603603 0 0.990540087223 0 0 0 0 
132 92 1.999635105929 -3.873129285682 4.358861206837 0 0.995845019817 -2.247747380871 6.504911049345 6.882313277388 0 0.995272874832 0 0 0 0 
140 92 -2.402317757387 5.202080236678 5.729988603505 0 0.989415407181 1.601278243583 -4.786202847118 5.046962423788 0 0.984138309956 0 0 0 0 
148 92 0 0 0 0 0 0 0 0 0 0 0 0 0 0 
156 92 0 0 0 0 0 0 0 0 0 0 0 0 0 0 
12 100 0 0 0 0 0 0 0 0 0 0 0 0 0 0 
20 100 0 0 0 0 0 0 0 0 0 0 0 0 0 0 
28 100 0 0 0 0 0 0 0 0 0 0 0 0 0 0 
36 100 0.495471919501 -4.05769562523 4.087833926425 0 0.962013602257 2.821904077032 1.657594648018 3.272730150365 0 0.803269386292 0 0 0 0 
44 100 0.088600182595 -2.224779726574 2.226543245511 0 0.996169269085 0.088600182595 -2.224779726574 2.226543245511 0 0.996169269085 0 0 0 0 
52 100 -0.141446465814 -1.764795090929 1.77045440937 0 0.993379354477 -0.141446465814 -1.764795090929 1.77045440937 0 0.993379354477 0 0 0 0 
60 100 1.746922734125 2.265908881636 2.861133009645 0 0.901023507118 1.746922734125 2.265908881636 2.861133009645 0 0.901023507118 0 0 0 0 
68 100 3.108160223568 0.603063136943 3.166124622075 0 0.942960560322 3.108160223568 0.603063136943 3.166124622075 0 0.942960560322 0 0 0 0 
76 100 2.076961534336 0.248652243195 2.091792808372 0 0.872922241688 8 6 10 0 0.850225269794 0 0 0 0 
84 100 2.582850758973 0.900745364278 2.735408608306 0 0.783508002758 -8 7 10.630145812735 0 0.341225743294 0 0 0 0 
92 100 1.37539782709 0.796811787731 1.589537104893 0 0.84715628624 -8 8 11.313708498985 0 0.393302828074 0 0 0 0 
100 100 0.468079059211 0.966663359977 1.074027959223 0 0.83047837019 -8 -2 8.246211251235 0 0.650296926498 0 0 0 0 
108 100 1.82113232235 -0.036315850202 1.821494380031 0 0.898895859718 -8 -8 11.313708498985 0 0.75268882513 0 0 0 0 
116 100 1.194687677418 -0.594267785667 1.33432861307 0 0.979902148247 -6 -8 10 0 -0.090742580593 0 0 0 0 
124 100 0.871119330531 -0.4758808597 0.992628571346 0 0.996550321579 0.871119330531 -0.4758808597 0.992628571346 0 0.996550321579 0 0 0 0 
132 100 -2 8 8.246211251235 0 0.999144077301 -2 8 8.246211251235 0 0.999144077301 0 0 0 0 
140 100 0 0 0 0 0 0 0 0 0 0 0 0 0 0 
148 100 0 0 0 0 0 0 0 0 0 0 0 0 0 0 
156 100 0 0 0 0 0 0 0 0 0 0 0 0 0 0 
12 108 0 0 0 0 0 0 0 0 0 0 0 0 0 0 
20 108 0 0 0 0 0 0 0 0 0 0 0 0 0 0 
28 108 0 0 0 0 0 0 0 0 0 0 0 0 0 0 
36 108 0 0 0 0 0 0 0 0 0 0 0 0 0 0 
44 108 0.184516325362 -1.28852119357 1.301665525627 0 0.99517428875 0.184516325362 -1.28852119357 1.301665525627 0 0.99517428875 0 0 0 0 
52 108 0.701598295995 0.26404641457 0.749640365768 0 0.99577409029 0.701598295995 0.26404641457 0.749640365768 0 0.99577409029 0 0 0 0 
60 108 1.52913500628 1.198599782018 1.942908980083 0 0.98907148838 1.52913500628 1.198599782018 1.942908980083 0 0.98907148838 0 0 0 0 
68 108 2.373873587812 1.094445655379 2.614017426011 0 0.972298979759 2.373873587812 1.094445655379 2.614017426011 0 0.972298979759 0 0 0 0 
76 108 2.622405151061 0.280117737344 2.637323401308 0 0.949003219604 8 -8 11.313708498985 0 0.419638812542 0 0 0 0 
84 108 0.767715550285 0.052673385001 0.769520403652 0 0.915578722954 8 -8 11.313708498985 0 0.551109850407 0 0 0 0 
92 108 -0.499555787627 0.852686383303 0.988245947738 0 0.855009615421 6 -8 10 0 0.252170562744 0 0 0 0 
100 108 0.25432357259 1.253139007425 1.278685986278 0 0.844905674458 -8 -8 11.313708498985 0 -0.124162606895 0 0 0 0 
108 108 1.096596673301 0.44279551597 1.182620874523 0 0.906449615955 -8 -8 11.313708498985 0 0.076215907931 0 0 0 0 
116 108 1.125408110467 -0.899071703838 1.44044206539 0 0.988233447075 1.125408110467 -0.899071703838 1.44044206539 0 0.988233447075 0 0 0 0 
124 108 1.798169078083 -3.301242891617 3.759204259258 0 0.995457410812 1.798169078083 -3.301242891617 3.759204259258 0 0.995457410812 0 0 0 0 
132 108 1.981994944183 -2.171116287048 2.939736364141 0 0.998132228851 -0.086090587919 4.165041495461 4.165931138202 0 0.992873430252 0 0 0 0 
140 108 0 0 0 0 0 0 0 0 0 0 0 0 0 0 
148 108 0 0 0 0 0 0 0 0 0 0 0 0 0 0 
156 108 0 0 0 0 0 0 0 0 0 0 0 0 0 0 
12 116 0 0 0 0 0 0 0 0 0 0 0 0 0 0 
20 116 0 0 0 0 0 0 0 0 0 0 0 0 0 0 
28 116 0 0 0 0 0 0 0 0 0 0 0 0 0 0 
36 116 0 0 0 0 0 0 0 0 0 0 0 0 0 0 
44 116 -2.053001422886 -4.011958803457 4.50673144119 0 0.993915379047 -2.053001422886 -4.011958803457 4.50673144119 0 0.993915379047 0 0 0 0 
52 116 0.716453457912 0.198414599116 0.743420413022 0 0.996852576733 0.716453457912 0.198414599116 0.743420413022 0 0.996852576733 0 0 0 0 
60 116 0.228899736168 -0.391461339257 0.453472236582 0 0.987282991409 0.228899736168 -0.391461339257 0.453472236582 0 0.987282991409 0 0 0 0 
68 116 -0.234530316701 -0.313122644289 0.391216384906 0 0.981341600418 -0.234530316701 -0.313122644289 0.391216384906 0 0.981341600418 0 0 0 0 
76 116 1.502008535888 -0.857400879724 1.729498745427 0 0.97347766161 1.502008535888 -0.857400879724 1.729498745427 0 0.97347766161 0 0 0 0 
84 116 1.415782663285 0.214591981793 1.431953305212 0 0.915403366089 1.415782663285 0.214591981793 1.431953305212 0 0.915403366089 0 0 0 0 
92 116 -0.587700411539 2.036010729261 2.11913460247 0 0.894971013069 5 -8 9.433981132057 0 0.603530108929 0 0 0 0 
100 116 -0.462046435585 4.697398981218 4.720068230162 0 0.869546949863 -8 -8 11.313708498985 0 -0.466079890728 0 0 0 0 
108 116 1.046403386586 0.14865741475 1.056910154374 0 0.913714468479 1.046403386586 0.14865741475 1.056910154374 0 0.913714468479 0 0 0 0 
116 116 0.587927511589 -1.060844667343 1.212868569596 0 0.987958610058 0.587927511589 -1.060844667343 1.212868569596 0 0.987958610058 0 0 0 0 
124 116 0.332650972728 -0.23067409843 0.404805149848 0 0.985962092876 0.332650972728 -0.23067409843 0.404805149848 0 0.985962092876 0 0 0 0 
132 116 1.506539726695 -4.023565942784 4.296364142394 0 1 -0.418303393875 -0.035220498741 0.419783530953 0 0.985556900501 0 0 0 0 
140 116 0 0 0 0 0 0 0 0 0 0 0 0 0 0 
148 116 0 0 0 0 0 0 0 0 0 0 0 0 0 0 
156 116 0 0 0 0 0 0 0 0 0 0 0 0 0 0 
12 124 0 0 0 0 0 0 0 0 0 0 0 0 0 0 
20 124 0 0 0 0 0 0 0 0 0 0 0 0 0 0 
28 124 0 0 0 0 0 0 0 0 0 0 0 0 0 0 
36 124 0 0 0 0 0 0 0 0 0 0 0 0 0 0 
44 124 -5.214596144014 7.119317763115 8.824777524526 0 1 -3.232213048107 3.072812353546 4.459750772012 0 0.999022960663 0 0 0 0 
52 124 -3.860923566104 3.159653423552 4.989001958335 0 0.995068728924 -3.860923566104 3.159653423552 4.989001958335 0 0.995068728924 0 0 0 0 
60 124 -0.576771856861 -0.019275908963 0.577093870643 0 0.988092780113 -0.576771856861 -0.019275908963 0.577093870643 0 0.988092780113 0 0 0 0 
68 124 -0.362743824093 -0.642946675486 0.738216438069 0 0.986033022404 -0.362743824093 -0.642946675486 0.738216438069 0 0.986033022404 0 0 0 0 
76 124 -0.200115477692 -1.056852723065 1.075631852755 0 0.972314953804 -0.200115477692 -1.056852723065 1.075631852755 0 0.972314953804 0 0 0 0 
84 124 2.254257677737 -0.025609172531 2.254403137718 0 0.838499486446 2.254257677737 -0.025609172531 2.254403137718 0 0.838499486446 0 0 0 0 
92 124 0.59486067402 0.548221059921 0.80895336827 0 0.849761009216 0.59486067402 0.548221059921 0.80895336827 0 0.849761009216 0 0 0 0 
100 124 0.945674611913 0.533396379963 1.085731168279 0 0.898169755936 0.945674611913 0.533396379963 1.085731168279 0 0.898169755936 0 0 0 0 
108 124 1.39124041744 0.487407780278 1.47414932873 0 0.798317611217 1.39124041744 0.487407780278 1.47414932873 0 0.798317611217 0 0 0 0 
116 124 0.623043736026 0.313015868025 0.697253490946 0 0.987246096134 0.623043736026 0.313015868025 0.697253490946 0 0.987246096134 0 0 0 0 
124 124 0.214327673145 -1.700406538213 1.713860772255 0 0.991188645363 0.214327673145 -1.700406538213 1.713860772255 0 0.991188645363 0 0 0 0 
132 124 -0.494276615778 -1.922327804038 1.984856055003 0 1 4 8 8.944271909999 0 0.981441378593 0 0 0 0 
140 124 0 0 0 0 0 0 0 0 0 0 0 0 0 0 
148 124 0 0 0 0 0 0 0 0 0 0 0 0 0 0 
156 124 0 0 0 0 0 0 0 0 0 0 0 0 0 0 
12 132 0 0 0 0 0 0 0 0 0 0 0 0 0 0 
20 132 0 0 0 0 0 0 0 0 0 0 0 0 0 0 
28 132 0 0 0 0 0 0 0 0 0 0 0 0 0 0 
36 132 1.160085315759 1.192259342834 1.663514436492 0 1 4.76766497302 -4.927083527783 6.856149165873 0 0.999022960663 0 0 0 0 
44 132 3.950278336608 -4.039971955544 5.650316127285 0 0.999703884125 -3.221109870957 5.687560144393 6.536351367304 0 0.993221282959 0 0 0 0 
52 132 4.045634384248 -3.864969169282 5.595100021493 0 0.997877180576 8 8 11.313708498985 0 0.554800271988 0 0 0 0 
60 132 1.959910530484 -1.958442347925 2.770694085901 0 0.993406236172 1.959910530484 -1.958442347925 2.770694085901 0 0.993406236172 0 0 0 0 
68 132 -0.192084214355 -0.85831890214 0.879549704779 0 0.965060770512 -0.192084214355 -0.85831890214 0.879549704779 0 0.965060770512 0 0 0 0 
76 132 -1.138928326142 0.039097335091 1.13959919871 0 0.845323741436 -1.138928326142 0.039097335091 1.13959919871 0 0.845323741436 0 0 0 0 
84 132 1.108142019145 -0.423934567593 1.186465023587 0 0.937588512897 1.108142019145 -0.423934567593 1.186465023587 0 0.937588512897 0 0 0 0 
92 132 -0.971407698115 0.170119290444 0.986191405833 0 0.948056459427 -0.971407698115 0.170119290444 0.986191405833 0 0.948056459427 0 0 0 0 
100 132 1.761917495678 1.419349405869 2.262499944202 0 0.906220674515 3 -8 8.544003745318 0 0.104799076915 0 0 0 0 
108 132 1.205287518727 1.406394348833 1.85220492042 0 0.902629375458 -8 -8 11.313708498985 0 -0.659064292908 0 0 0 0 
116 132 0.370529985257 -1.379109196425 1.428017732957 0 0.982218980789 -8 7 10.630145812735 0 0.026794364676 0 0 0 0 
124 132 0.052245632291 -2.096395141367 2.097046064073 0 0.999043107033 0.052245632291 -2.096395141367 2.097046064073 0 0.999043107033 0 0 0 0 
132 132 0.061602955872 -2.03925362434 2.040183881065 0 0.999531030655 2.980634918477 4.450470905097 5.356386449311 0 0.966132938862 0 0 0 0 
140 132 0 0 0 0 0 0 0 0 0 0 0 0 0 0 
148 132 0 0 0 0 0 0 0 0 0 0 0 0 0 0 
156 132 0 0 0 0 0 0 0 0 0 0 0 0 0 0 
12 140 0 0 0 0 0 0 0 0 0 0 0 0 0 0 
20 140 0 0 0 0 0 0 0 0 0 0 0 0 0 0 
28 140 0 0 0 0 0 0 0 0 0 0 0 0 0 0 
36 140 1.967680049712 -0.02414685387 1.967828206065 0 0.999893009663 -1 8 8.062257748299 0 0.881559848785 0 0 0 0 
44 140 6.855207477971 -7.25220705577 9.979397614374 0 0.991198778152 6.855207477971 -7.25220705577 9.979397614374 0 0.991198778152 0 0 0 0 
52 140 5.171224033583 -4.71528704619 6.998249061978 0 0.984565556049 5.171224033583 -4.71528704619 6.998249061978 0 0.984565556049 0 0 0 0 
60 140 -0.140355558104 -1.087793501362 1.096811006645 0 0.955438435078 -0.140355558104 -1.087793501362 1.096811006645 0 0.955438435078 0 0 0 0 
68 140 -0.678136517127 0.12670034381 0.689871084321 0 0.944707155228 -0.678136517127 0.12670034381 0.689871084321 0 0.944707155228 0 0 0 0 
76 140 -0.110730688177 -0.291895194165 0.312192392093 0 0.960572838783 -0.110730688177 -0.291895194165 0.312192392093 0 0.960572838783 0 0 0 0 
84 140 1.013606060902 -0.293385303739 1.055211913858 0 0.981567203999 1.013606060902 -0.293385303739 1.055211913858 0 0.981567203999 0 0 0 0 
92 140 -1.304051893088 0.002989325498 1.304055319353 0 0.982130646706 -1.304051893088 0.002989325498 1.304055319353 0 0.982130646706 0 0 0 0 
100 140 1.686192083068 0.21226417732 1.699499874073 0 0.975005865097 1.686192083068 0.21226417732 1.699499874073 0 0.975005865097 0 0 0 0 
108 140 1.217170391112 1.389502097358 1.847219488735 0 0.940916061401 1.217170391112 1.389502097358 1.847219488735 0 0.940916061401 0 0 0 0 
116 140 1.316114035244 0.554733192131 1.428245450971 0 0.945483028889 -8 -8 11.313708498985 0 -0.260478377342 0 0 0 0 
124 140 -0.254662718165 -1.576201193245 1.596641256391 0 0.992955446243 -0.254662718165 -1.576201193245 1.596641256391 0 0.992955446243 0 0 0 0 
132 140 -0.85923061217 -3.342580982148 3.45124975438 0 0.99581861496 -0.85923061217 -3.342580982148 3.45124975438 0 0.99581861496 0 0 0 0 
140 140 -0.497794474082 2.21395436776 2.269227463466 0 1 1 8 8.062257748299 0 0.948559820652 0 0 0 0 
148 140 0 0 0 0 0 0 0 0 0 0 0 0 0 0 
156 140 0 0 0 0 0 0 0 0 0 0 0 0 0 0 
12 148 0 0 0 0 0 0 0 0 0 0 0 0 0 0 
20 148 0 0 0 0 0 0 0 0 0 0 0 0 0 0 
28 148 0 0 0 0 0 0 0 0 0 0 0 0 0 0 
36 148 2.056033197539 0.22420612869 2.068221675142 0 0.954478263855 2.056033197539 0.22420612869 2.068221675142 0 0.954478263855 0 0 0 0 
44 148 1.08913766119 0.888463949402 1.40555648567 0 0.985566556454 1.08913766119 0.888463949402 1.40555648567 0 0.985566556454 0 0 0 0 
52 148 0.931949219593 0.272131718424 0.970868178525 0 0.913082957268 8 8 11.313708498985 0 0.24317997694 0 0 0 0 
60 148 -1.134518966283 -0.359452173186 1.19010047881 0 0.940435349941 -8 8 11.313708498985 0 0.156002953649 0 0 0 0 
68 148 -0.726714947393 0.015395167204 0.726877999349 0 0.975054860115 -0.726714947393 0.015395167204 0.726877999349 0 0.975054860115 0 0 0 0 
76 148 -0.4539546774 -0.052102780802 0.456934950404 0 0.985098421574 -0.4539546774 -0.052102780802 0.456934950404 0 0.985098421574 0 0 0 0 
84 148 -0.138850458807 0.260065419311 0.294810909283 0 0.9456641078 -0.138850458807 0.260065419311 0.294810909283 0 0.9456641078 0 0 0 0 
92 148 0.548530980536 1.120786061847 1.247817147277 0 0.955971181393 0.548530980536 1.120786061847 1.247817147277 0 0.955971181393 0 0 0 0 
100 148 0.2282917691 0.565877614993 0.610192270509 0 0.954537391663 0.2282917691 0.565877614993 0.610192270509 0 0.954537391663 0 0 0 0 
108 148 -0.219713860946 1.507382975285 1.523311397867 0 0.981040358543 -0.219713860946 1.507382975285 1.523311397867 0 0.981040358543 0 0 0 0 
116 148 -0.157942001371 1.730053086241 1.737247638367 0 0.944038629532 -8 -8 11.313708498985 0 -0.734534561634 0 0 0 0 
124 148 -0.242283368572 1.425921498524 1.446358652147 0 0.985262572765 -0.242283368572 1.425921498524 1.446358652147 0 0.985262572765 0 0 0 0 
132 148 -2.113535319966 -5.077020118641 5.499378586152 0 0.995853424072 -2.113535319966 -5.077020118641 5.499378586152 0 0.995853424072 0 0 0 0 
140 148 -1.716782180606 -0.735223403719 1.867590562469 0 0.989917576313 0.095496935524 6.33811977837 6.338839167361 0 0.987883329391 0 0 0 0 
148 148 0 0 0 0 0 0 0 0 0 0 0 0 0 0 
156 148 0 0 0 0 0 0 0 0 0 0 0 0 0 0 
12 156 0 0 0 0 0 0 0 0 0 0 0 0 0 0 
20 156 0 0 0 0 0 0 0 0 0 0 0 0 0 0 
28 156 0 0 0 0 0 0 0 0 0 0 0 0 0 0 
36 156 0.749269637721 5.476928713954 5.527942938177 0 0.987645685673 0.749269637721 5.476928713954 5.527942938177 0 0.987645685673 0 0 0 0 
44 156 0.796200257992 4.727861181576 4.794434920101 0 0.993200540543 0.796200257992 4.727861181576 4.794434920101 0 0.993200540543 0 0 0 0 
52 156 0.227269862813 4.254678677907 4.260744329666 0 0.799546182156 8 -8 11.313708498985 0 0.098438799381 0 0 0 0 
60 156 -1.768336700355 -1.566313839006 2.362277233536 0 0.950391471386 -8 8 11.313708498985 0 0.248704195023 0 0 0 0 
68 156 -0.078534306222 2.502680596655 2.503912499694 0 0.960367381573 -0.078534306222 2.502680596655 2.503912499694 0 0.960367381573 0 0 0 0 
76 156 -0.223045240678 1.373167509777 1.391164328646 0 0.946800351143 -0.223045240678 1.373167509777 1.391164328646 0 0.946800351143 0 0 0 0 
84 156 0.177369489826 0.937954772455 0.954577964911 0 0.90710234642 0.177369489826 0.937954772455 0.954577964911 0 0.90710234642 0 0 0 0 
92 156 -0.764279490701 0.82642619175 1.125656870594 0 0.975026071072 -0.764279490701 0.82642619175 1.125656870594 0 0.975026071072 0 0 0 0 
100 156 0.240957450449 3.857470793049 3.864989186551 0 0.92300927639 -8 -8 11.313708498985 0 0.355238705873 0 0 0 0 
108 156 0.223676021883 1.32767334961 1.34638311265 0 0.962571322918 0.223676021883 1.32767334961 1.34638311265 0 0.962571322918 0 0 0 0 
116 156 0.218558775444 1.383827356525 1.4009804035 0 0.938027322292 0.218558775444 1.383827356525 1.4009804035 0 0.938027322292 0 0 0 0 
124 156 -0.714931788669 0.544594205175 0.8987270502 0 0.976093053818 -0.714931788669 0.544594205175 0.8987270502 0 0.976093053818 0 0 0 0 
132 156 -0.940607239202 -0.030022835111 0.941086260163 0 0.996366620064 -0.940607239202 -0.030022835111 0.941086260163 0 0.996366620064 0 0 0 0 
140 156 0.029983030621 6.528631339734 6.528700188574 0 0.984871327877 0.029983030621 6.528631339734 6.528700188574 0 0.984871327877 0 0 0 0 
148 156 0 0 0 0 0 0 0 0 0 0 0 0 0 0 
156 156 0 0 0 0 0 0 0 0 0 0 0 0 0 0 
12 164 0 0 0 0 0 0 0 0 0 0 0 0 0 0 
20 164 0 0 0 0 0 0 0 0 0 0 0 0 0 0 
28 164 0 0 0 0 0 0 0 0 0 0 0 0 0 0 
36 164 0.257149447233 1.659972086041 1.679771759689 0 0.983794510365 0.257149447233 1.659972086041 1.679771759689 0 0.983794510365 0 0 0 0 
44 164 -0.684771514354 -1.410193222373 1.567659705196 0 0.991236746311 -0.684771514354 -1.410193222373 1.567659705196 0 0.991236746311 0 0 0 0 
52 164 -0.709925795382 -1.496098049041 1.655990340338 0 0.961860477924 7 8 10.630145812735 0 0.946406602859 0 0 0 0 
60 164 1.273282357482 -0.295659115549 1.307158090853 0 0.800207734108 1.273282357482 -0.295659115549 1.307158090853 0 0.800207734108 0 0 0 0 
68 164 1.616297844207 1.572959492923 2.25535369456 0 0.966485023499 -8 6 10 0 0.43279132247 0 0 0 0 
76 164 1.12792867743 2.04057801235 2.33156207849 0 0.924043357372 1.12792867743 2.04057801235 2.33156207849 0 0.924043357372 0 0 0 0 
84 164 0.436971861896 0.879706223854 0.982256304829 0 0.729172289371 -8 8 11.313708498985 0 0.573969602585 0 0 0 0 
92 164 -1.080128631027 -1.089229604797 1.533981418248 0 0.96359783411 -1.080128631027 -1.089229604797 1.533981418248 0 0.96359783411 0 0 0 0 
100 164 -1.679288887394 -0.181405463486 1.689058645965 0 0.875617027283 -1.679288887394 -0.181405463486 1.689058645965 0 0.875617027283 0 0 0 0 
108 164 -1.053726159418 2.142084803982 2.387229801777 0 0.922091543674 -1.053726159418 2.142084803982 2.387229801777 0 0.922091543674 0 0 0 0 
116 164 -0.942921705715 1.245918673345 1.562502698781 0 0.908700406551 8 8 11.313708498985 0 0.402484983206 0 0 0 0 
124 164 -0.403456169526 0.66382715813 0.776816179414 0 0.926020503044 -0.403456169526 0.66382715813 0.776816179414 0 0.926020503044 0 0 0 0 
132 164 -0.607738257238 0.051752468371 0.609937789691 0 0.992483377457 -0.607738257238 0.051752468371 0.609937789691 0 0.992483377457 0 0 0 0 
140 164 -0.455242954041 0.463052494668 0.649356419867 0 0.969999432564 -0.455242954041 0.463052494668 0.649356419867 0 0.969999432564 0 0 0 0 
148 164 0 0 0 0 0 0 0 0 0 0 0 0 0 0 
156 164 0 0 0 0 0 0 0 0 0 0 0 0 0 0 
12 172 0 0 0 0 0 0 0 0 0 0 0 0 0 0 
20 172 0 0 0 0 0 0 0 0 0 0 0 0 0 0 
28 172 0 0 0 0 0 0 0 0 0 0 0 0 0 0 
36 172 0.211334512699 1.871507381979 1.883401751369 0 0.993031620979 -2.440969237505 -6.695887775177 7.126937906016 0 0.978890359402 0 0 0 0 
44 172 -1.63843030124 -2.224798363835 2.763002282254 0 0.994824171066 6 8 10 0 0.976941943169 0 0 0 0 
52 172 7 8 10.630145812735 0 0.97920691967 -2.027884372708 -2.561206866354 3.266817356592 0 0.976994454861 0 0 0 0 
60 172 7 8 10.630145812735 0 0.959119975567 8 -8 11.313708498985 0 0.29030174017 0 0 0 0 
68 172 2.224538639398 -0.370404418617 2.255165535278 0 0.803697228432 -8 2 8.246211251235 0 0.250785797834 0 0 0 0 
76 172 1.231160602774 0.447359525247 1.309918690092 0 0.838006258011 -8 -8 11.313708498985 0 0.640596270561 0 0 0 0 
84 172 0.466105628858 0.685719744493 0.829135709785 0 0.93429094553 -6 8 10 0 0.82222276926 0 0 0 0 
92 172 0.687549008728 -0.5 0.850131542411 0 0.964158117771 0.687549008728 -0.5 0.850131542411 0 0.964158117771 0 0 0 0 
100 172 -0.218199417303 -0.01733928042 0.218887268604 0 0.964964747429 -0.218199417303 -0.01733928042 0.218887268604 0 0.964964747429 0 0 0 0 
108 172 0.111882601031 2.822313850869 2.824530613964 0 0.794201910496 0.111882601031 2.822313850869 2.824530613964 0 0.794201910496 0 0 0 0 
116 172 -1.103116281216 1.934283852166 2.226728441152 0 0.911087274551 -1.103116281216 1.934283852166 2.226728441152 0 0.911087274551 0 0 0 0 
124 172 -0.759785359697 1.116184751339 1.350237827915 0 0.989788293839 -8 -8 11.313708498985 0 0.34451675415 0 0 0 0 
132 172 -0.614571699327 0.892615938409 1.083725789633 0 0.992367625237 -0.614571699327 0.892615938409 1.083725789633 0 0.992367625237 0 0 0 0 
140 172 -0.308058799852 -0.831158468992 0.886411092408 0 0.977761268616 -0.308058799852 -0.831158468992 0.886411092408 0 0.977761268616 0 0 0 0 
148 172 0 0 0 0 0 0 0 0 0 0 0 0 0 0 
156 172 0 0 0 0 0 0 0 0 0 0 0 0 0 0 
12 180 0 0 0 0 0 0 0 0 0 0 0 0 0 0 
20 180 0 0 0 0 0 0 0 0 0 0 0 0 0 0 
28 180 0 0 0 0 0 0 0 0 0 0 0 0 0 0 
36 180 0 0 0 0 0 0 0 0 0 0 0 0 0 0 
44 180 -0.469439292577 -0.83468361129 0.957637708307 0 0.989008009434 3.113603390273 4.136815104782 5.177621585542 0 0.986182689667 0 0 0 0 
52 180 -7 -8 10.630145812735 0 0.991331994534 3.628970155203 5.35815369174 6.471416797863 0 0.989787757397 0 0 0 0 
60 180 -6.356247491647 -6.614417780976 9.173461983153 0 0.987895548344 -6.356247491647 -6.614417780976 9.173461983153 0 0.987895548344 0 0 0 0 
68 180 -5.821942514252 -5.261765099421 7.847368132102 0 0.928049266338 0.600503336819 -0.601736157574 0.85011214605 0 0.910180032253 0 0 0 0 
76 180 2.214966609151 -3.111832480891 3.819630671777 0 0.749324262142 -8 5 9.433981132057 0 0.489929258823 0 0 0 0 
84 180 0.74967840785 -2.081121385734 2.212031631183 0 0.969565451145 -8 -8 11.313708498985 0 0.655710995197 0 0 0 0 
92 180 0.42228725178 -1.166216272316 1.240317264587 0 0.924840390682 8 8 11.313708498985 0 0.29262432456 0 0 0 0 
100 180 -0.637332408986 -1.319457751963 1.465319541519 0 0.951409935951 8 8 11.313708498985 0 0.388479143381 0 0 0 0 
108 180 -1.353841287855 -0.129213917219 1.359993554802 0 0.639881908894 -8 -7 10.630145812735 0 0.556649506092 0 0 0 0 
116 180 -0.795615900861 0.382523653537 0.882796130043 0 0.987748622894 -0.795615900861 0.382523653537 0.882796130043 0 0.987748622894 0 0 0 0 
124 180 -2.273096219455 1.758091021777 2.87364758865 0 0.994844198227 -2.273096219455 1.758091021777 2.87364758865 0 0.994844198227 0 0 0 0 
132 180 -2.054299779082 1.911352507001 2.805960795941 0 0.999520242214 -2.054299779082 1.911352507001 2.805960795941 0 0.999520242214 0 0 0 0 
140 180 -1.98102818583 1.804235804106 2.679503593928 0 0.998391032219 -8 7 10.630145812735 0 0.963535368443 0 0 0 0 
148 180 0 0 0 0 0 0 0 0 0 0 0 0 0 0 
156 180 0 0 0 0 0 0 0 0 0 0 0 0 0 0 
12 188 0 0 0 0 0 0 0 0 0 0 0 0 0 0 
20 188 0 0 0 0 0 0 0 0 0 0 0 0 0 0 
28 188 0 0 0 0 0 0 0 0 0 0 0 0 0 0 
36 188 0 0 0 0 0 0 0 0 0 0 0 0 0 0 
44 188 0 0 0 0 0 0 0 0 0 0 0 0 0 0 
52 188 -1.942686996426 -0.229859262901 1.95623823877 0 0.998498797417 8 8 11.313708498985 0 0.972652614117 0 0 0 0 
60 188 -5.943673499669 -6.109865615878 8.523949349612 0 0.997274875641 5.29175182994 3.704000091805 6.459276593378 0 0.953847765923 0 0 0 0 
68 188 6.053128999459 3.792421851852 7.143026962465 0 0.97310334444 6 -8 10 0 0.571909248829 0 0 0 0 
76 188 0.894323746399 2.23165877001 2.404187145199 0 0.960530698299 0.894323746399 2.23165877001 2.404187145199 0 0.960530698299 0 0 0 0 
84 188 -3.277344127679 0.321170913502 3.293043468725 0 0.961120724678 -3.277344127679 0.321170913502 3.293043468725 0 0.961120724678 0 0 0 0 
92 188 -1.126525668431 0.3567028494 1.181650119284 0 0.916328370571 -1.126525668431 0.3567028494 1.181650119284 0 0.916328370571 0 0 0 0 
100 188 -3.445678274218 0.865636528071 3.552748987495 0 0.950493574142 -3.445678274218 0.865636528071 3.552748987495 0 0.950493574142 0 0 0 0 
108 188 -1.242133451285 0.156139133387 1.251908518933 0 0.983983635902 -8 -8 11.313708498985 0 0.201333776116 0 0 0 0 
116 188 -0.981370408587 0.004097525857 0.98137896277 0 0.993837952614 -0.981370408587 0.004097525857 0.98137896277 0 0.993837952614 0 0 0 0 
124 188 -0.792636780734 0.305499685211 0.849472261959 0 0.994817852974 -0.792636780734 0.305499685211 0.849472261959 0 0.994817852974 0 0 0 0 
132 188 -6.00678189749 5.892111546381 8.414178940278 0 0.999827623367 8 -8 11.313708498985 0 0.994606614113 0 0 0 0 
140 188 0 0 0 0 0 0 0 0 0 0 0 0 0 0 
148 188 0 0 0 0 0 0 0 0 0 0 0 0 0 0 
156 188 0 0 0 0 0 0 0 0 0 0 0 0 0 0 
12 196 0 0 0 0 0 0 0 0 0 0 0 0 0 0 
20 196 0 0 0 0 0 0 0 0 0 0 0 0 0 0 
28 196 0 0 0 0 0 0 0 0 0 0 0 0 0 0 
36 196 0 0 0 0 0 0 0 0 0 0 0 0 0 0 
44 196 0 0 0 0 0 0 0 0 0 0 0 0 0 0 
52 196 6.497794474082 3.78604563224 7.520337396475 0 1 -5.502205525918 -6.21395436776 8.299849066943 0 1 0 0 0 0 
60 196 -6.135762837357 -5.969392842704 8.56044604602 0 0.999022960663 5.726005825038 3.016187439286 6.471825814812 0 0.997803330421 0 0 0 0 
68 196 5.536061014261 3.088592490967 6.339351317673 0 0.966780722141 -8 -6 10 0 0.883096635342 0 0 0 0 
76 196 1.036470803057 1.968770560935 2.224933537703 0 0.974749743938 8 -8 11.313708498985 0 0.616676032543 0 0 0 0 
84 196 -4.42511562559 0.271668913483 4.433446999615 0 0.994646966457 4 -8 8.944271909999 0 0.729745805264 0 0 0 0 
92 196 5.165367061249 0.660295532848 5.207399261449 0 0.992312848568 -3 -8 8.544003745318 0 0.728158295155 0 0 0 0 
100 196 -3.60179180408 0.913089509493 3.7157282802 0 0.993201673031 -8 -8 11.313708498985 0 0.649594604969 0 0 0 0 
108 196 -1.173652171034 0.252603092202 1.20052810911 0 0.993435263634 -1.173652171034 0.252603092202 1.20052810911 0 0.993435263634 0 0 0 0 
116 196 0.420418697114 -0.704056142862 0.820028617296 0 0.993113636971 7 -8 10.630145812735 0 0.971845448017 0 0 0 0 
124 196 4.110205317524 -5.882432701328 7.176127245099 0 0.999261021614 -1.947762427628 1.872972399274 2.70218505712 0 0.998357236385 0 0 0 0 
132 196 0 0 0 0 0 0 0 0 0 0 0 0 0 0 
140 196 0 0 0 0 0 0 0 0 0 0 0 0 0 0 
148 196 0 0 0 0 0 0 0 0 0 0 0 0 0 0 
156 196 0 0 0 0 0 0 0 0 0 0 0 0 0 0 
12 204 0 0 0 0 0 0 0 0 0 0 0 0 0 0 
20 204 0 0 0 0 0 0 0 0 0 0 0 0 0 0 
28 204 0 0 0 0 0 0 0 0 0 0 0 0 0 0 
36 204 0 0 0 0 0 0 0 0 0 0 0 0 0 0 
44 204 0 0 0 0 0 0 0 0 0 0 0 0 0 0 
52 204 0 0 0 0 0 0 0 0 0 0 0 0 0 0 
60 204 0 0 0 0 0 0 0 0 0 0 0 0 0 0 
68 204 5.913417063305 3.857866176103 7.060568872074 0 0.998686790466 -1.870266786643 0.037062993087 1.870633988431 0 0.998686790466 0 0 0 0 
76 204 -2.20746349686 1.87629227114 2.897130956085 0 0.98724848032 8 2 8.246211251235 0 0.628640294075 0 0 0 0 
84 204 -4.749543512976 0.091281933889 4.750420610126 0 0.993151962757 7.043997560226 1.101605227087 7.129616799296 0 0.897567212582 0 0 0 0 
92 204 5.967922733419 0.362228638625 5.97890553017 0 0.981490492821 -5.10758826287 0.250098038317 5.113707744072 0 0.928386449814 0 0 0 0 
100 204 -3.766529422718 0.545746384886 3.805861664435 0 0.939505338669 -3.766529422718 0.545746384886 3.805861664435 0 0.939505338669 0 0 0 0 
108 204 -3.03728849276 0.83487219373 3.149941740432 0 0.980258762836 8 -5 9.433981132057 0 0.790732204914 0 0 0 0 
116 204 2.337776786661 -2.183515112631 3.198896458365 0 0.994211852551 -6.764367008083 2.868372149403 7.347395443796 0 0.989034116268 0 0 0 0 
124 204 0 0 0 0 0 0 0 0 0 0 0 0 0 0 
132 204 0 0 0 0 0 0 0 0 0 0 0 0 0 0 
140 204 0 0 0 0 0 0 0 0 0 0 0 0 0 0 
148 204 0 0 0 0 0 0 0 0 0 0 0 0 0 0 
156 204 0 0 0 0 0 0 0 0 0 0 0 0 0 0 
12 212 0 0 0 0 0 0 0 0 0 0 0 0 0 0 
20 212 0 0 0 0 0 0 0 0 0 0 0 0 0 0 
28 212 0 0 0 0 0 0 0 0 0 0 0 0 0 0 
36 212 0 0 0 0 0 0 0 0 0 0 0 0 0 0 
44 212 0 0 0 0 0 0 0 0 0 0 0 0 0 0 
52 212 0 0 0 0 0 0 0 0 0 0 0 0 0 0 
60 212 0 0 0 0 0 0 0 0 0 0 0 0 0 0 
68 212 0 0 0 0 0 0 0 0 0 0 0 0 0 0 
76 212 0 0 0 0 0 0 0 0 0 0 0 0 0 0 
84 212 0 0 0 0 0 0 0 0 0 0 0 0 0 0 
92 212 0 0 0 0 0 0 0 0 0 0 0 0 0 0 
100 212 0 0 0 0 0 0 0 0 0 0 0 0 0 0 
108 212 0 0 0 0 0 0 0 0 0 0 0 0 0 0 
116 212 0 0 0 0 0 0 0 0 0 0 0 0 0 0 
124 212 0 0 0 0 0 0 0 0 0 0 0 0 0 0 
132 212 0 0 0 0 0 0 0 0 0 0 0 0 0 0 
140 212 0 0 0 0 0 0 0 0 0 0 0 0 0 0 
148 212 0 0 0 0 0 0 0 0 0 0 0 0 0 0 
156 212 0 0 0 0 0 0 0 0 0 0 0 0 0 0 
12 220 0 0 0 0 0 0 0 0 0 0 0 0 0 0 
20 220 0 0 0 0 0 0 0 0 0 0 0 0 0 0 
28 220 0 0 0 0 0 0 0 0 0 0 0 0 0 0 
36 220 0 0 0 0 0 0 0 0 0 0 0 0 0 0 
44 220 0 0 0 0 0 0 0 0 0 0 0 0 0 0 
52 220 0 0 0 0 0 0 0 0 0 0 0 0 0 0 
60 220 0 0 0 0 0 0 0 0 0 0 0 0 0 0 
68 220 0 0 0 0 0 0 0 0 0 0 0 0 0 0 
76 220 0 0 0 0 0 0 0 0 0 0 0 0 0 0 
84 220 0 0 0 0 0 0 0 0 0 0 0 0 0 0 
92 220 0 0 0 0 0 0 0 0 0 0 0 0 0 0 
100 220 0 0 0 0 0 0 0 0 0 0 0 0 0 0 
108 220 0 0 0 0 0 0 0 0 0 0 0 0 0 0 
116 220 0 0 0 0 0 0 0 0 0 0 0 0 0 0 
124 220 0 0 0 0 0 0 0 0 0 0 0 0 0 0 
132 220 0 0 0 0 0 0 0 0 0 0 0 0 0 0 
140 220 0 0 0 0 0 0 0 0 0 0 0 0 0 0 
148 220 0 0 0 0 0 0 0 0 0 0 0 0 0 0 
156 220 0 0 0 0 0 0 0 0 0 0 0 0 0 0 
12 228 0 0 0 0 0 0 0 0 0 0 0 0 0 0 
20 228 0 0 0 0 0 0 0 0 0 0 0 0 0 0 
28 228 0 0 0 0 0 0 0 0 0 0 0 0 0 0 
36 228 0 0 0 0 0 0 0 0 0 0 0 0 0 0 
44 228 0 0 0 0 0 0 0 0 0 0 0 0 0 0 
52 228 0 0 0 0 0 0 0 0 0 0 0 0 0 0 
60 228 0 0 0 0 0 0 0 0 0 0 0 0 0 0 
68 228 0 0 0 0 0 0 0 0 0 0 0 0 0 0 
76 228 0 0 0 0 0 0 0 0 0 0 0 0 0 0 
84 228 0 0 0 0 0 0 0 0 0 0 0 0 0 0 
92 228 0 0 0 0 0 0 0 0 0 0 0 0 0 0 
100 228 0 0 0 0 0 0 0 0 0 0 0 0 0 0 
108 228 0 0 0 0 0 0 0 0 0 0 0 0 0 0 
116 228 0 0 0 0 0 0 0 0 0 0 0 0 0 0 
124 228 0 0 0 0 0 0 0 0 0 0 0 0 0 0 
132 228 0 0 0 0 0 0 0 0 0 0 0 0 0 0 
140 228 0 0 0 0 0 0 0 0 0 0 0 0 0 0 
148 228 0 0 0 0 0 0 0 0 0 0 0 0 0 0 
156 228 0 0 0 0 0 0 0 0 0 0 0 0 0 0 
