12 12 0 0 0 0 0 0 0 0 0 0 0 0 0 0 
20 12 0 0 0 0 0 0 0 0 0 0 0 0 0 0 
28 12 0 0 0 0 0 0 0 0 0 0 0 0 0 0 
36 12 0 0 0 0 0 0 0 0 0 0 0 0 0 0 
44 12 0 0 0 0 0 0 0 0 0 0 0 0 0 0 
52 12 0 0 0 0 0 0 0 0 0 0 0 0 0 0 
60 12 0 0 0 0 0 0 0 0 0 0 0 0 0 0 
68 12 0 0 0 0 0 0 0 0 0 0 0 0 0 0 
76 12 0 0 0 0 0 0 0 0 0 0 0 0 0 0 
84 12 0 0 0 0 0 0 0 0 0 0 0 0 0 0 
92 12 0 0 0 0 0 0 0 0 0 0 0 0 0 0 
100 12 0 0 0 0 0 0 0 0 0 0 0 0 0 0 
108 12 0 0 0 0 0 0 0 0 0 0 0 0 0 0 
116 12 0 0 0 0 0 0 0 0 0 0 0 0 0 0 
124 12 0 0 0 0 0 0 0 0 0 0 0 0 0 0 
132 12 0 0 0 0 0 0 0 0 0 0 0 0 0 0 
140 12 0 0 0 0 0 0 0 0 0 0 0 0 0 0 
148 12 0 0 0 0 0 0 0 0 0 0 0 0 0 0 
156 12 0 0 0 0 0 0 0 0 0 0 0 0 0 0 
12 20 0 0 0 0 0 0 0 0 0 0 0 0 0 0 
20 20 0 0 0 0 0 0 0 0 0 0 0 0 0 0 
28 20 0 0 0 0 0 0 0 0 0 0 0 0 0 0 
36 20 0 0 0 0 0 0 0 0 0 0 0 0 0 0 
44 20 0 0 0 0 0 0 0 0 0 0 0 0 0 0 
52 20 0 0 0 0 0 0 0 0 0 0 0 0 0 0 
60 20 0 0 0 0 0 0 0 0 0 0 0 0 0 0 
68 20 0 0 0 0 0 0 0 0 0 0 0 0 0 0 
76 20 0 0 0 0 0 0 0 0 0 0 0 0 0 0 
84 20 0 0 0 0 0 0 0 0 0 0 0 0 0 0 
92 20 0 0 0 0 0 0 0 0 0 0 0 0 0 0 
100 20 0 0 0 0 0 0 0 0 0 0 0 0 0 0 
108 20 0 0 0 0 0 0 0 0 0 0 0 0 0 0 
116 20 0 0 0 0 0 0 0 0 0 0 0 0 0 0 
124 20 0 0 0 0 0 0 0 0 0 0 0 0 0 0 
132 20 0 0 0 0 0 0 0 0 0 0 0 0 0 0 
140 20 0 0 0 0 0 0 0 0 0 0 0 0 0 0 
148 20 0 0 0 0 0 0 0 0 0 0 0 0 0 0 
156 20 0 0 0 0 0 0 0 0 0 0 0 0 0 0 
12 28 0 0 0 0 0 0 0 0 0 0 0 0 0 0 
20 28 0 0 0 0 0 0 0 0 0 0 0 0 0 0 
28 28 0 0 0 0 0 0 0 0 0 0 0 0 0 0 
36 28 0 0 0 0 0 0 0 0 0 0 0 0 0 0 
44 28 0 0 0 0 0 0 0 0 0 0 0 0 0 0 
52 28 0 0 0 0 0 0 0 0 0 0 0 0 0 0 
60 28 0 0 0 0 0 0 0 0 0 0 0 0 0 0 
68 28 0 0 0 0 0 0 0 0 0 0 0 0 0 0 
76 28 0 0 0 0 0 0 0 0 0 0 0 0 0 0 
84 28 2.198965786359 -1.902598071728 2.907805005863 0 0.999327361584 -6.235769714808 2.189096596351 6.608855259746 0 0.993813276291 0 0 0 0 
92 28 -0.781843951114 -0.880953677831 1.177862193288 0 0.965193212032 -0.781843951114 -0.880953677831 1.177862193288 0 0.965193212032 0 0 0 0 
100 28 5.163374282857 -0.057223670946 5.163691366976 0 0.965948104858 -8 1 8.062257748299 0 0.893977582455 0 0 0 0 
108 28 1.31996377954 0.564097183169 1.43544766932 0 0.978933691978 -8 2 8.246211251235 0 0.870246767998 0 0 0 0 
116 28 0.224461210667 0.088070340964 0.241120758235 0 0.995630204678 0.224461210667 0.088070340964 0.241120758235 0 0.995630204678 0 0 0 0 
124 28 -3.76068266353 -1.942497095919 4.232733048921 0 0.998614132404 8 7 10.630145812735 0 0.993019759655 0 0 0 0 
132 28 0 0 0 0 0 0 0 0 0 0 0 0 0 0 
140 28 0 0 0 0 0 0 0 0 0 0 0 0 0 0 
148 28 0 0 0 0 0 0 0 0 0 0 0 0 0 0 
156 28 0 0 0 0 0 0 0 0 0 0 0 0 0 0 
12 36 0 0 0 0 0 0 0 0 0 0 0 0 0 0 
20 36 0 0 0 0 0 0 0 0 0 0 0 0 0 0 
28 36 0 0 0 0 0 0 0 0 0 0 0 0 0 0 
36 36 0 0 0 0 0 0 0 0 0 0 0 0 0 0 
44 36 0 0 0 0 0 0 0 0 0 0 0 0 0 0 
52 36 0 0 0 0 0 0 0 0 0 0 0 0 0 0 
60 36 0 0 0 0 0 0 0 0 0 0 0 0 0 0 
68 36 -6.52403854353 5.074962301234 8.265489778374 0 0.992929279804 -6.52403854353 5.074962301234 8.265489778374 0 0.992929279804 0 0 0 0 
76 36 -2.104843500861 0.919339917949 2.29685699334 0 0.996903121471 -2.104843500861 0.919339917949 2.29685699334 0 0.996903121471 0 0 0 0 
84 36 -4.668953046888 2.061796996965 5.103932739637 0 0.98980307579 -4.668953046888 2.061796996965 5.103932739637 0 0.98980307579 0 0 0 0 
92 36 0.405101972576 -0.773237172778 0.872928023122 0 0.989578664303 0.405101972576 -0.773237172778 0.872928023122 0 0.989578664303 0 0 0 0 
100 36 4.970312333827 -0.360874254486 4.983395922797 0 0.984498977661 4.970312333827 -0.360874254486 4.983395922797 0 0.984498977661 0 0 0 0 
108 36 0.917414845399 0.488314984673 1.03927932858 0 0.990074872971 0.917414845399 0.488314984673 1.03927932858 0 0.990074872971 0 0 0 0 
116 36 -0.409339974705 0.278300081507 0.494985000034 0 0.994324803352 -0.409339974705 0.278300081507 0.494985000034 0 0.994324803352 0 0 0 0 
124 36 -0.379918325818 0.149219448541 0.408171995751 0 0.9915599823 8 7 10.630145812735 0 0.985603511333 0 0 0 0 
132 36 5.953268970051 4.047335664201 7.19877332665 0 0.998820126057 -3.09721810105 -2.903206343662 4.245158070008 0 0.99840939045 0 0 0 0 
140 36 0 0 0 0 0 0 0 0 0 0 0 0 0 0 
148 36 0 0 0 0 0 0 0 0 0 0 0 0 0 0 
156 36 0 0 0 0 0 0 0 0 0 0 0 0 0 0 
12 44 0 0 0 0 0 0 0 0 0 0 0 0 0 0 
20 44 0 0 0 0 0 0 0 0 0 0 0 0 0 0 
28 44 0 0 0 0 0 0 0 0 0 0 0 0 0 0 
36 44 0 0 0 0 0 0 0 0 0 0 0 0 0 0 
44 44 0 0 0 0 0 0 0 0 0 0 0 0 0 0 
52 44 0 0 0 0 0 0 0 0 0 0 0 0 0 0 
60 44 -2.027695381259 2.21945217041 3.00624624672 0 0.999250113964 2.793773205852 -5.977138802748 6.597829718404 0 0.980870842934 0 0 0 0 
68 44 -1.738308235449 1.390525850845 2.226045296776 0 0.99443513155 -1.738308235449 1.390525850845 2.226045296776 0 0.99443513155 0 0 0 0 
76 44 -1.54726222682 1.124686254168 1.912835478774 0 0.991242229939 8 7 10.630145812735 0 0.559112012386 0 0 0 0 
84 44 -2.729511517392 1.182053347599 2.974471926266 0 0.983513653278 -2.729511517392 1.182053347599 2.974471926266 0 0.983513653278 0 0 0 0 
92 44 -0.350423358497 -1.02593539836 1.084130975385 0 0.966706573963 -0.350423358497 -1.02593539836 1.084130975385 0 0.966706573963 0 0 0 0 
100 44 -0.258725611718 -1.194685299508 1.222379608395 0 0.91948980093 -2 8 8.246211251235 0 0.197217598557 0 0 0 0 
108 44 0.324778690049 0.006818839492 0.324850264094 0 0.886134088039 0.324778690049 0.006818839492 0.324850264094 0 0.886134088039 0 0 0 0 
116 44 -0.503801582084 -0.180630702371 0.535204152403 0 0.978141069412 -8 8 11.313708498985 0 0.000799819594 0 0 0 0 
124 44 -2.03859503486 -1.90381558753 2.789333882395 0 0.964011192322 -2.03859503486 -1.90381558753 2.789333882395 0 0.964011192322 0 0 0 0 
132 44 -7.032102066163 -6.982165520907 9.909646554255 0 0.998447716236 -7.032102066163 -6.982165520907 9.909646554255 0 0.998447716236 0 0 0 0 
140 44 -8 -8 11.313708498985 0 0.998525977135 6 8 10 0 0.75423014164 0 0 0 0 
148 44 0 0 0 0 0 0 0 0 0 0 0 0 0 0 
156 44 0 0 0 0 0 0 0 0 0 0 0 0 0 0 
12 52 0 0 0 0 0 0 0 0 0 0 0 0 0 0 
20 52 0 0 0 0 0 0 0 0 0 0 0 0 0 0 
28 52 0 0 0 0 0 0 0 0 0 0 0 0 0 0 
36 52 0 0 0 0 0 0 0 0 0 0 0 0 0 0 
44 52 0 0 0 0 0 0 0 0 0 0 0 0 0 0 
52 52 -3.878956741439 4.072921765498 5.624499720849 0 1 4.121043258561 -5.927078234502 7.218951027458 0 1 0 0 0 0 
60 52 -1.93091210894 2.071664456984 2.831998445406 0 0.99967622757 3.953698266064 -7.234090201011 8.244015466715 0 0.994876801968 0 0 0 0 
68 52 -2.009708248073 1.957814975201 2.805702535818 0 0.998413324356 -2.009708248073 1.957814975201 2.805702535818 0 0.998413324356 0 0 0 0 
76 52 -2.144337172631 1.743004578104 2.763375991286 0 0.984605789185 -2.144337172631 1.743004578104 2.763375991286 0 0.984605789185 0 0 0 0 
84 52 0.192594625591 -0.120378733674 0.227120517187 0 0.758750677109 -8 -7 10.630145812735 0 0.597487568855 0 0 0 0 
92 52 -0.67233928015 -0.242985756362 0.714900122693 0 0.758482694626 -0.67233928015 -0.242985756362 0.714900122693 0 0.758482694626 0 0 0 0 
100 52 -0.869396394624 -0.902999180384 1.253498149484 0 0.961892604828 -0.869396394624 -0.902999180384 1.253498149484 0 0.961892604828 0 0 0 0 
108 52 -1.007172879066 -1.655689452735 1.937964079188 0 0.909494459629 8 -8 11.313708498985 0 -0.102416649461 0 0 0 0 
116 52 -1.860099523881 -2.45551733844 3.080508990105 0 0.872979342937 -8 8 11.313708498985 0 0.559041023254 0 0 0 0 
124 52 -5.262725843637 -5.765925631015 7.806547360241 0 0.983753979206 -8 8 11.313708498985 0 0.382785201073 0 0 0 0 
132 52 -0.779173360741 -2.28079945663 2.410219344261 0 0.989306688309 -8 8 11.313708498985 0 0.594689309597 0 0 0 0 
140 52 -0.818081699517 -2.271188114692 2.414032543153 0 0.991895854473 -0.818081699517 -2.271188114692 2.414032543153 0 0.991895854473 0 0 0 0 
148 52 -0.497805704039 2.023623648161 2.083953739499 0 1 -2.497827813758 -5.884022227486 6.392250101548 0 0.998095273972 0 0 0 0 
156 52 0 0 0 0 0 0 0 0 0 0 0 0 0 0 
12 60 0 0 0 0 0 0 0 0 0 0 0 0 0 0 
20 60 0 0 0 0 0 0 0 0 0 0 0 0 0 0 
28 60 0 0 0 0 0 0 0 0 0 0 0 0 0 0 
36 60 0 0 0 0 0 0 0 0 0 0 0 0 0 0 
44 60 2.497794474082 -1.923336691646 3.152491279002 0 1 -4 8 8.944271909999 0 0.974518120289 0 0 0 0 
52 60 3.113169085501 -3.935177506163 5.017713000953 0 0.995022177696 -4 8 8.944271909999 0 0.928096354008 0 0 0 0 
60 60 -1.049588714409 0.792512069718 1.315185101065 0 0.996006250381 -1.049588714409 0.792512069718 1.315185101065 0 0.996006250381 0 0 0 0 
68 60 -1.970847151615 1.872415037675 2.718487919477 0 0.996668100357 8 8 11.313708498985 0 -0.17783638835 0 0 0 0 
76 60 -1.413668184463 0.603925784198 1.53726513282 0 0.918498575687 8 8 11.313708498985 0 -0.218611180782 0 0 0 0 
84 60 -1.150701061673 -0.402622570244 1.219105355334 0 0.919086039066 7 8 10.630145812735 0 -0.096636995673 0 0 0 0 
92 60 -0.416071151046 -0.489847136296 0.642701656813 0 0.889410078526 3 8 8.544003745318 0 0.000403399288 0 0 0 0 
100 60 -0.574953308516 -1.071017118598 1.215585856821 0 0.943073391914 -0.574953308516 -1.071017118598 1.215585856821 0 0.943073391914 0 0 0 0 
108 60 -0.187569953729 -2.104572285144 2.11291433592 0 0.918103337288 -6 8 10 0 0.750789642334 0 0 0 0 
116 60 0.103358093215 -2.165520030593 2.167985216355 0 0.912464916706 -8 6 10 0 0.753220796585 0 0 0 0 
124 60 0.766015341609 -2.180173227781 2.310829895668 0 0.861529886723 0.766015341609 -2.180173227781 2.310829895668 0 0.861529886723 0 0 0 0 
132 60 0.53490911885 4.019858166538 4.055291289724 0 0.976685702801 -8 5 9.433981132057 0 0.585633635521 0 0 0 0 
140 60 0.298890293213 3.308505059771 3.321978497508 0 0.98924279213 0.298890293213 3.308505059771 3.321978497508 0 0.98924279213 0 0 0 0 
148 60 -0.497545716065 2.358409962756 2.410321408443 0 0.956238389015 -3 -8 8.544003745318 0 0.792549371719 0 0 0 0 
156 60 0 0 0 0 0 0 0 0 0 0 0 0 0 0 
12 68 0 0 0 0 0 0 0 0 0 0 0 0 0 0 
20 68 0 0 0 0 0 0 0 0 0 0 0 0 0 0 
28 68 0 0 0 0 0 0 0 0 0 0 0 0 0 0 
36 68 0 0 0 0 0 0 0 0 0 0 0 0 0 0 
44 68 -2.324871626233 3.622210865645 4.304118914907 0 0.990045487881 6 -8 10 0 0.970665633678 0 0 0 0 
52 68 6 -8 10 0 0.9914098382 -5 8 9.433981132057 0 0.972248971462 0 0 0 0 
60 68 5.33634304257 -6.533951965707 8.436177176787 0 0.989348590374 -4 8 8.944271909999 0 0.947791337967 0 0 0 0 
68 68 -0.858551678019 0.272591072493 0.900786809757 0 0.965835154057 -6 8 10 0 0.754804193974 0 0 0 0 
76 68 -1.065695694308 -0.016358028789 1.065821231714 0 0.904250204563 -8 -8 11.313708498985 0 -0.31223103404 0 0 0 0 
84 68 0.537920465828 -0.016762968963 0.538181590808 0 0.923722743988 -8 -8 11.313708498985 0 -0.233334690332 0 0 0 0 
92 68 -0.164875681515 0.554973058064 0.578946530806 0 0.699780762196 -4 -8 8.944271909999 0 0.114908248186 0 0 0 0 
100 68 -0.424436194966 -0.835240543673 0.936895324672 0 0.890390694141 8 8 11.313708498985 0 -0.346663534641 0 0 0 0 
108 68 0.007093656587 -1.359708079593 1.359726583426 0 0.928915977478 0.007093656587 -1.359708079593 1.359726583426 0 0.928915977478 0 0 0 0 
116 68 0.634249983394 -3.053799401889 3.118968391699 0 0.801211595535 -7.041442349167 4.868244657025 8.560474075499 0 0.658534348011 0 0 0 0 
124 68 -0.394254427875 -2.394329808639 2.426572023748 0 0.747511982918 8 8 11.313708498985 0 0.63583189249 0 0 0 0 
132 68 0.334445571593 0.104286183967 0.350327630261 0 0.979442059994 -8 -2 8.246211251235 0 0.595644235611 0 0 0 0 
140 68 0.094589822379 0.05302627465 0.108439016507 0 0.990956485271 0.094589822379 0.05302627465 0.108439016507 0 0.990956485271 0 0 0 0 
148 68 -0.497424646137 0.160041535248 0.52253667009 0 0.955502986908 -4 8 8.944271909999 0 0.697985172272 0 0 0 0 
156 68 0 0 0 0 0 0 0 0 0 0 0 0 0 0 
12 76 0 0 0 0 0 0 0 0 0 0 0 0 0 0 
20 76 0 0 0 0 0 0 0 0 0 0 0 0 0 0 
28 76 0 0 0 0 0 0 0 0 0 0 0 0 0 0 
36 76 1.686807117159 -3.210932920409 3.627038526107 0 0.99177312851 -0.935237142221 4.913541440593 5.001755491886 0 0.987924396992 0 0 0 0 
44 76 0.057297669622 0.900119553075 0.901941368811 0 0.995355129242 0.057297669622 0.900119553075 0.901941368811 0 0.995355129242 0 0 0 0 
52 76 2.729718725655 -2.306869067747 3.57393469679 0 0.9588586092 2.729718725655 -2.306869067747 3.57393469679 0 0.9588586092 0 0 0 0 
60 76 2.17831941623 1.278600213038 2.525845201889 0 0.92938554287 6 -8 10 0 0.896376132965 0 0 0 0 
68 76 0.798544306674 -1.970640308737 2.12628695997 0 0.97264456749 -8 -8 11.313708498985 0 0.38792988658 0 0 0 0 
76 76 0.07809371285 -0.40002805983 0.407579534126 0 0.982348322868 -8 -8 11.313708498985 0 0.041323240846 0 0 0 0 
84 76 0.25628880989 0.475268617006 0.539966862303 0 0.983835101128 0.25628880989 0.475268617006 0.539966862303 0 0.983835101128 0 0 0 0 
92 76 0.310349431125 0.996475613236 1.043685976323 0 0.921600162983 0.310349431125 0.996475613236 1.043685976323 0 0.921600162983 0 0 0 0 
100 76 0.019897230872 0.035422819696 0.04062851156 0 0.932648658752 8 5 9.433981132057 0 0.520061612129 0 0 0 0 
108 76 -0.640995009148 0.163514763737 0.661522244307 0 0.826178729534 -0.640995009148 0.163514763737 0.661522244307 0 0.826178729534 0 0 0 0 
116 76 2.244933859703 -5.437708848222 5.882890917947 0 0.787234961987 2.244933859703 -5.437708848222 5.882890917947 0 0.787234961987 0 0 0 0 
124 76 1.85583240333 -6.852446800192 7.09930567441 0 0.680608510971 -8 -2 8.246211251235 0 0.521415889263 0 0 0 0 
132 76 0.103378161709 0.222189361671 0.245061536676 0 0.991085469723 -8 -8 11.313708498985 0 0.613606214523 0 0 0 0 
140 76 0.099159285232 0.281096470686 0.298073463562 0 0.993687331676 0.099159285232 0.281096470686 0.298073463562 0 0.993687331676 0 0 0 0 
148 76 -0.497884281499 -0.040538757859 0.499531929563 0 1 -2 8 8.246211251235 0 0.923188745975 0 0 0 0 
156 76 0 0 0 0 0 0 0 0 0 0 0 0 0 0 
12 84 0 0 0 0 0 0 0 0 0 0 0 0 0 0 
20 84 0 0 0 0 0 0 0 0 0 0 0 0 0 0 
28 84 0 0 0 0 0 0 0 0 0 0 0 0 0 0 
36 84 -0.254646640021 3.857249486022 3.865645936799 0 0.975597143173 -0.254646640021 3.857249486022 3.865645936799 0 0.975597143173 0 0 0 0 
44 84 0.117097078399 0.706130814924 0.715774024085 0 0.992173135281 0.117097078399 0.706130814924 0.715774024085 0 0.992173135281 0 0 0 0 
52 84 0.05971930156 0.624931624934 0.627778568304 0 0.980404257774 8 -8 11.313708498985 0 0.747550308704 0 0 0 0 
60 84 -0.666667330341 4.848143210987 4.893765209282 0 0.62771576643 3.154223907225 -1.94897130962 3.707777989933 0 0.542952179909 0 0 0 0 
68 84 1.404083901605 -1.688890750803 2.19631590872 0 0.978482723236 -8 -8 11.313708498985 0 0.369479835033 0 0 0 0 
76 84 0.643465608201 -1.146688484122 1.314892569206 0 0.968088388443 0.643465608201 -1.146688484122 1.314892569206 0 0.968088388443 0 0 0 0 
84 84 1.097254547494 -0.615041507604 1.257872647795 0 0.988843977451 1.097254547494 -0.615041507604 1.257872647795 0 0.988843977451 0 0 0 0 
92 84 0.877947260895 -0.521527508626 1.021167143599 0 0.820335566998 0.877947260895 -0.521527508626 1.021167143599 0 0.820335566998 0 0 0 0 
100 84 0.732321286639 -0.013876831036 0.732452751584 0 0.910466015339 0.732321286639 -0.013876831036 0.732452751584 0 0.910466015339 0 0 0 0 
108 84 -6.686885862794 0.455588903539 6.702387917084 0 0.785931050777 2.077377243508 -0.126980303485 2.081254479712 0 0.73788279295 0 0 0 0 
116 84 -8 2 8.246211251235 0 0.832754790783 3.683786697316 -0.068148642048 3.684417005272 0 0.759896934032 0 0 0 0 
124 84 2.325162751952 -4.716795837466 5.258758864542 0 0.943108797073 -8 -8 11.313708498985 0 0.057624157518 0 0 0 0 
132 84 2.165144581945 -5.700763210122 6.098077749472 0 0.991864204407 2.165144581945 -5.700763210122 6.098077749472 0 0.991864204407 0 0 0 0 
140 84 -3 8 8.544003745318 0 0.985697925091 2.084551772814 -6.19158647472 6.533077312223 0 0.977796852589 0 0 0 0 
148 84 0 0 0 0 0 0 0 0 0 0 0 0 0 0 
156 84 0 0 0 0 0 0 0 0 0 0 0 0 0 0 
12 92 0 0 0 0 0 0 0 0 0 0 0 0 0 0 
20 92 0 0 0 0 0 0 0 0 0 0 0 0 0 0 
28 92 0 0 0 0 0 0 0 0 0 0 0 0 0 0 
36 92 0.282173318024 3.900697963018 3.910890739985 0 0.972537994385 0.282173318024 3.900697963018 3.910890739985 0 0.972537994385 0 0 0 0 
44 92 3 8 8.544003745318 0 0.98892647028 0.219895961136 -1.299520682613 1.317994020572 0 0.98618632555 0 0 0 0 
52 92 3 8 8.544003745318 0 0.976969957352 8 -8 11.313708498985 0 -0.133594036102 0 0 0 0 
60 92 0.565041898864 4.054336983419 4.093521799452 0 0.734169960022 0.565041898864 4.054336983419 4.093521799452 0 0.734169960022 0 0 0 0 
68 92 0.819268615662 0.323859443208 0.880957435728 0 0.952604591846 -8 -8 11.313708498985 0 -0.120587319136 0 0 0 0 
76 92 0.918783087722 -0.864015688315 1.261223799307 0 0.971667647362 0.918783087722 -0.864015688315 1.261223799307 0 0.971667647362 0 0 0 0 
84 92 1.157350794098 -1.591933984385 1.968175467594 0 0.982794106007 1.157350794098 -1.591933984385 1.968175467594 0 0.982794106007 0 0 0 0 
92 92 1.965220335677 -1.026269797039 2.217052246582 0 0.962547242641 -8 8 11.313708498985 0 0.641946136951 0 0 0 0 
100 92 -4 -1.924434910667 4.438856803885 0 0.931597590446 -4 -1.924434910667 4.438856803885 0 0.931597590446 0 0 0 0 
108 92 -6.440521976646 -0.55502744252 6.464393149678 0 0.916408836842 6 8 10 0 0.584390342236 0 0 0 0 
116 92 1.66594582119 -2.453432060145 2.965586679376 0 0.610804617405 -8 -2 8.246211251235 0 0.53199416399 0 0 0 0 
124 92 -0.09489408362 -0.200722751055 0.222023669678 0 0.987380504608 -8 -8 11.313708498985 0 -0.514693260193 0 0 0 0 
132 92 0.01571808545 -0.543156501848 0.543383882453 0 0.994338274002 0.01571808545 -0.543156501848 0.543383882453 0 0.994338274002 0 0 0 0 
140 92 2.601631342883 -5.807578634611 6.363682522051 0 0.992732048035 -3 8 8.544003745318 0 0.985913693905 0 0 0 0 
148 92 0 0 0 0 0 0 0 0 0 0 0 0 0 0 
156 92 0 0 0 0 0 0 0 0 0 0 0 0 0 0 
12 100 0 0 0 0 0 0 0 0 0 0 0 0 0 0 
20 100 0 0 0 0 0 0 0 0 0 0 0 0 0 0 
28 100 0 0 0 0 0 0 0 0 0 0 0 0 0 0 
36 100 4 8 8.944271909999 0 0.994221508503 2.481348058919 2.475738171688 3.505191533177 0 0.97861790657 0 0 0 0 
44 100 3 8 8.544003745318 0 0.989117920399 -1.703444307186 -5.044417396346 5.324271722616 0 0.983280777931 0 0 0 0 
52 100 1.899749366188 5.256581408908 5.589337685523 0 0.985607326031 1.899749366188 5.256581408908 5.589337685523 0 0.985607326031 0 0 0 0 
60 100 1.021132482352 3.714628352018 3.85242460538 0 0.971298575401 8 -8 11.313708498985 0 -0.223803550005 0 0 0 0 
68 100 -0.285629391171 0.781138075135 0.831721612997 0 0.924486100674 -0.285629391171 0.781138075135 0.831721612997 0 0.924486100674 0 0 0 0 
76 100 -2.503716233535 0.919456331879 2.667207326831 0 0.907721579075 8 6 10 0 0.85371440649 0 0 0 0 
84 100 7 -8 10.630145812735 0 0.905496776104 0 8 8 0 0.813730597496 0 0 0 0 
92 100 3.948258870038 -5.187447654906 6.519076719691 0 0.802636086941 -7 8 10.630145812735 0 0.776304423809 0 0 0 0 
100 100 1.368804065458 -2.047965467451 2.463287868985 0 0.863482952118 -8 8 11.313708498985 0 0.272796958685 0 0 0 0 
108 100 2.429131838457 -1.275078095284 2.743447764707 0 0.863818407059 2.429131838457 -1.275078095284 2.743447764707 0 0.863818407059 0 0 0 0 
116 100 1.179156293374 -1.596783185782 1.984975089668 0 0.952922105789 -6.441825710833 -6.537688775307 9.178153028334 0 0.426066935062 0 0 0 0 
124 100 0.038580583853 -0.290170178095 0.292723749816 0 0.995770394802 0.038580583853 -0.290170178095 0.292723749816 0 0.995770394802 0 0 0 0 
132 100 -0.11412505036 -0.288871167883 0.310597937459 0 0.998748004436 -0.11412505036 -0.288871167883 0.310597937459 0 0.998748004436 0 0 0 0 
140 100 -0.497972613788 0.015928108465 0.498227286208 0 0.998770356178 -4 8 8.944271909999 0 0.994488835335 0 0 0 0 
148 100 0 0 0 0 0 0 0 0 0 0 0 0 0 0 
156 100 0 0 0 0 0 0 0 0 0 0 0 0 0 0 
12 108 0 0 0 0 0 0 0 0 0 0 0 0 0 0 
20 108 0 0 0 0 0 0 0 0 0 0 0 0 0 0 
28 108 0 0 0 0 0 0 0 0 0 0 0 0 0 0 
36 108 0 0 0 0 0 0 0 0 0 0 0 0 0 0 
44 108 0.020247478601 2.032518224423 2.032619072281 0 0.999469578266 0.020247478601 2.032518224423 2.032619072281 0 0.999469578266 0 0 0 0 
52 108 0.273168707167 2.632312768156 2.646448875752 0 0.996740281582 0.273168707167 2.632312768156 2.646448875752 0 0.996740281582 0 0 0 0 
60 108 -0.275313354293 2.08020560141 2.09834524976 0 0.984344005585 -0.275313354293 2.08020560141 2.09834524976 0 0.984344005585 0 0 0 0 
68 108 0.582009942392 2.149689678711 2.227083583479 0 0.942661643028 0.582009942392 2.149689678711 2.227083583479 0 0.942661643028 0 0 0 0 
76 108 0.418291995248 1.046235880413 1.126755390824 0 0.92425006628 0.418291995248 1.046235880413 1.126755390824 0 0.92425006628 0 0 0 0 
84 108 0.845116568265 1.304410063308 1.554254685441 0 0.944895088673 -8 -5 9.433981132057 0 0.750159084797 0 0 0 0 
92 108 -0.409567748825 1.671195744497 1.720651317758 0 0.945404887199 7 -8 10.630145812735 0 0.19229875505 0 0 0 0 
100 108 0.366044007046 1.03682878889 1.099546339435 0 0.854886591434 -8 -8 11.313708498985 0 -0.091213405132 0 0 0 0 
108 108 2.388486569024 -1.878325254102 3.038580894201 0 0.925818622112 2.388486569024 -1.878325254102 3.038580894201 0 0.925818622112 0 0 0 0 
116 108 0.334036693996 0.195868117798 0.387227107142 0 0.974204957485 0.334036693996 0.195868117798 0.387227107142 0 0.974204957485 0 0 0 0 
124 108 -0.049593855235 0.718214797251 0.719925027671 0 0.992210149765 -0.049593855235 0.718214797251 0.719925027671 0 0.992210149765 0 0 0 0 
132 108 -0.013573323035 0 0.013573323035 0 0.999102056026 -0.013573323035 0 0.013573323035 0 0.999102056026 0 0 0 0 
140 108 0 0 0 0 0 0 0 0 0 0 0 0 0 0 
148 108 0 0 0 0 0 0 0 0 0 0 0 0 0 0 
156 108 0 0 0 0 0 0 0 0 0 0 0 0 0 0 
12 116 0 0 0 0 0 0 0 0 0 0 0 0 0 0 
20 116 0 0 0 0 0 0 0 0 0 0 0 0 0 0 
28 116 0 0 0 0 0 0 0 0 0 0 0 0 0 0 
36 116 0 0 0 0 0 0 0 0 0 0 0 0 0 0 
44 116 -1.219431320636 0.946224277316 1.543487327039 0 1 -5 -8 9.433981132057 0 0.973362922668 0 0 0 0 
52 116 -0.680310793884 1.844874222266 1.966312201116 0 0.996951639652 -0.680310793884 1.844874222266 1.966312201116 0 0.996951639652 0 0 0 0 
60 116 -1.315169786339 1.122361881175 1.72897881977 0 0.987602710724 -1.315169786339 1.122361881175 1.72897881977 0 0.987602710724 0 0 0 0 
68 116 -1.357765976838 0.89863368778 1.628210966881 0 0.986303627491 -1.357765976838 0.89863368778 1.628210966881 0 0.986303627491 0 0 0 0 
76 116 0.42860179847 0.710222802424 0.829527534645 0 0.953258633614 0.42860179847 0.710222802424 0.829527534645 0 0.953258633614 0 0 0 0 
84 116 0.864991973811 1.047205970394 1.358253090991 0 0.865799367428 0.864991973811 1.047205970394 1.358253090991 0 0.865799367428 0 0 0 0 
92 116 -1.318536756273 2.103190112408 2.482327099029 0 0.795207202435 6 -8 10 0 -0.044190388173 0 0 0 0 
100 116 0.263559041507 1.687365734537 1.707825076069 0 0.829777002335 0.263559041507 1.687365734537 1.707825076069 0 0.829777002335 0 0 0 0 
108 116 1.59996767198 0.736372335582 1.761289518503 0 0.933591902256 1.59996767198 0.736372335582 1.761289518503 0 0.933591902256 0 0 0 0 
116 116 1.118558425659 -0.627426959532 1.282512199225 0 0.985619902611 1.118558425659 -0.627426959532 1.282512199225 0 0.985619902611 0 0 0 0 
124 116 1.223787194504 -0.676226259392 1.398190634829 0 0.985332608223 1.223787194504 -0.676226259392 1.398190634829 0 0.985332608223 0 0 0 0 
132 116 0.041199102407 -0.066543625724 0.078265063493 0 0.995907008648 2 -8 8.246211251235 0 0.991543769836 0 0 0 0 
140 116 0 0 0 0 0 0 0 0 0 0 0 0 0 0 
148 116 0 0 0 0 0 0 0 0 0 0 0 0 0 0 
156 116 0 0 0 0 0 0 0 0 0 0 0 0 0 0 
12 124 0 0 0 0 0 0 0 0 0 0 0 0 0 0 
20 124 0 0 0 0 0 0 0 0 0 0 0 0 0 0 
28 124 0 0 0 0 0 0 0 0 0 0 0 0 0 0 
36 124 0 0 0 0 0 0 0 0 0 0 0 0 0 0 
44 124 0.149917007123 0.20961663208 0.257709606863 0 1 -6.927240279932 5.072759720068 8.586008914126 0 0.999022960663 0 0 0 0 
52 124 -8 7 10.630145812735 0 0.997014224529 -8 7 10.630145812735 0 0.997014224529 0 0 0 0 
60 124 -0.998971571265 0.97627592736 1.396803095121 0 0.993176698685 -0.998971571265 0.97627592736 1.396803095121 0 0.993176698685 0 0 0 0 
68 124 -1.010320925528 1.058074335638 1.462966053022 0 0.99358946085 -1.010320925528 1.058074335638 1.462966053022 0 0.99358946085 0 0 0 0 
76 124 -0.29424249255 0.717665614894 0.775643332482 0 0.948866188526 -0.29424249255 0.717665614894 0.775643332482 0 0.948866188526 0 0 0 0 
84 124 0.723906539163 0.285159042042 0.778046500347 0 0.856773197651 0.723906539163 0.285159042042 0.778046500347 0 0.856773197651 0 0 0 0 
92 124 -0.046558817984 0.791333427911 0.792701909713 0 0.757482886314 -0.046558817984 0.791333427911 0.792701909713 0 0.757482886314 0 0 0 0 
100 124 1.35828446687 -0.642723272442 1.502674248758 0 0.483212053776 -1 8 8.062257748299 0 0.000786737364 0 0 0 0 
108 124 1.314585074817 1.45013757349 1.957302455161 0 0.81444478035 8 -6 10 0 0.713555753231 0 0 0 0 
116 124 1.241590550596 1.26275468285 1.770902731488 0 0.990058779716 -8 4 8.944271909999 0 0.689703226089 0 0 0 0 
124 124 1.597577941417 3.003065765066 3.40156717826 0 0.988268613815 1.597577941417 3.003065765066 3.40156717826 0 0.988268613815 0 0 0 0 
132 124 1.503844979506 4.314412486416 4.568993852625 0 1 -0.49842910611 -0.698734839928 0.858290131801 0 0.661729335785 0 0 0 0 
140 124 0 0 0 0 0 0 0 0 0 0 0 0 0 0 
148 124 0 0 0 0 0 0 0 0 0 0 0 0 0 0 
156 124 0 0 0 0 0 0 0 0 0 0 0 0 0 0 
12 132 0 0 0 0 0 0 0 0 0 0 0 0 0 0 
20 132 0 0 0 0 0 0 0 0 0 0 0 0 0 0 
28 132 0 0 0 0 0 0 0 0 0 0 0 0 0 0 
36 132 0.497794474082 -1.78604563224 1.854119289278 0 1 -3.500742616843 4.332343187207 5.569954789863 0 0.989893972874 0 0 0 0 
44 132 -0.035446222583 -0.853505631886 0.854241358374 0 0.996258854866 -5.849934425881 6.173267427266 8.504761226257 0 0.964868605137 0 0 0 0 
52 132 -0.667412854681 0.258017978242 0.715550973509 0 0.992568194866 8 8 11.313708498985 0 0.441306293011 0 0 0 0 
60 132 -0.031753287857 -0.041507485164 0.052260335 0 0.99031740427 6 8 10 0 0.602221250534 0 0 0 0 
68 132 -1.004225877015 0.81606622833 1.293999111703 0 0.979334354401 -1.004225877015 0.81606622833 1.293999111703 0 0.979334354401 0 0 0 0 
76 132 3.6606199804 0.053845209708 3.661015972038 0 0.829801857471 -8 8 11.313708498985 0 -0.283923178911 0 0 0 0 
84 132 0.080164319437 0.123746252077 0.14744305007 0 0.921848297119 0.080164319437 0.123746252077 0.14744305007 0 0.921848297119 0 0 0 0 
92 132 0.157724721916 -0.336585353173 0.371707933564 0 0.932552278042 0.157724721916 -0.336585353173 0.371707933564 0 0.932552278042 0 0 0 0 
100 132 1.037964674041 -1.044498332634 1.472530961112 0 0.872908055782 1.037964674041 -1.044498332634 1.472530961112 0 0.872908055782 0 0 0 0 
108 132 1.236537864264 -0.5 1.333801293207 0 0.912354946136 8 -8 11.313708498985 0 0.559810638428 0 0 0 0 
116 132 0.929571151581 0.209009392334 0.952778805356 0 0.989248812199 -8 -2 8.246211251235 0 0.540042936802 0 0 0 0 
124 132 0.831459757848 0.339587668419 0.898134240224 0 0.994090199471 0.831459757848 0.339587668419 0.898134240224 0 0.994090199471 0 0 0 0 
132 132 0.121930110169 -1.893541597599 1.897463236431 0 0.998179614544 -1 -8 8.062257748299 0 0.847916066647 0 0 0 0 
140 132 0 0 0 0 0 0 0 0 0 0 0 0 0 0 
148 132 0 0 0 0 0 0 0 0 0 0 0 0 0 0 
156 132 0 0 0 0 0 0 0 0 0 0 0 0 0 0 
12 140 0 0 0 0 0 0 0 0 0 0 0 0 0 0 
20 140 0 0 0 0 0 0 0 0 0 0 0 0 0 0 
28 140 0 0 0 0 0 0 0 0 0 0 0 0 0 0 
36 140 -0.263479519331 -1.024603249996 1.057938219845 0 0.997194945812 -0.263479519331 -1.024603249996 1.057938219845 0 0.997194945812 0 0 0 0 
44 140 -0.013010033266 -0.975829404687 0.975916127553 0 0.998603403568 -0.013010033266 -0.975829404687 0.975916127553 0 0.998603403568 0 0 0 0 
52 140 0.200432834048 -0.724110120188 0.751337997923 0 0.993240356445 0.200432834048 -0.724110120188 0.751337997923 0 0.993240356445 0 0 0 0 
60 140 0.287820338699 -0.827823773727 0.876431827192 0 0.969289898872 5.02657576097 6.532714137856 8.242743347194 0 0.625454068184 0 0 0 0 
68 140 0.658322046345 0.791813945524 1.029736491065 0 0.955373942852 0.658322046345 0.791813945524 1.029736491065 0 0.955373942852 0 0 0 0 
76 140 0.557237298466 0.455770910358 0.7198892481 0 0.955145180225 0.557237298466 0.455770910358 0.7198892481 0 0.955145180225 0 0 0 0 
84 140 0.922343105995 -0.046990001666 0.923539314503 0 0.964480996132 0.922343105995 -0.046990001666 0.923539314503 0 0.964480996132 0 0 0 0 
92 140 0.450117556645 -0.356572534869 0.574238441262 0 0.967791140079 0.450117556645 -0.356572534869 0.574238441262 0 0.967791140079 0 0 0 0 
100 140 1.375265839117 -0.983861094857 1.690957948092 0 0.971438169479 1.375265839117 -0.983861094857 1.690957948092 0 0.971438169479 0 0 0 0 
108 140 1.445351825952 -0.27372609301 1.471043124717 0 0.969922065735 1.445351825952 -0.27372609301 1.471043124717 0 0.969922065735 0 0 0 0 
116 140 1.171498505147 -0.424716272718 1.246111014265 0 0.976046800613 1.171498505147 -0.424716272718 1.246111014265 0 0.976046800613 0 0 0 0 
124 140 0.005727444825 -1.836791298663 1.836800228241 0 0.995595991611 0.005727444825 -1.836791298663 1.836800228241 0 0.995595991611 0 0 0 0 
132 140 -0.213396986624 -2.096419600071 2.107252574672 0 0.995900988579 -0.213396986624 -2.096419600071 2.107252574672 0 0.995900988579 0 0 0 0 
140 140 -0.498062275283 2.21395436776 2.269286225354 0 1 -2.498062275283 -5.78604563224 6.302272541676 0 1 0 0 0 0 
148 140 0 0 0 0 0 0 0 0 0 0 0 0 0 0 
156 140 0 0 0 0 0 0 0 0 0 0 0 0 0 0 
12 148 0 0 0 0 0 0 0 0 0 0 0 0 0 0 
20 148 0 0 0 0 0 0 0 0 0 0 0 0 0 0 
28 148 0 0 0 0 0 0 0 0 0 0 0 0 0 0 
36 148 -0.459680014077 -0.899348485164 1.010016541007 0 0.99088960886 -0.459680014077 -0.899348485164 1.010016541007 0 0.99088960886 0 0 0 0 
44 148 -0.259915503577 -0.837137531565 0.876558791956 0 0.996051549911 -0.259915503577 -0.837137531565 0.876558791956 0 0.996051549911 0 0 0 0 
52 148 -0.239935424841 -0.845871175568 0.879242317993 0 0.956939458847 8 8 11.313708498985 0 0.136475205421 0 0 0 0 
60 148 2.221867798513 0.80354404239 2.362705978773 0 0.886478602886 -8 -8 11.313708498985 0 0.071574747562 0 0 0 0 
68 148 0.730826758725 0.643285834571 0.973614100262 0 0.958105564117 0.730826758725 0.643285834571 0.973614100262 0 0.958105564117 0 0 0 0 
76 148 0.40858412082 0.522176458587 0.66303034447 0 0.979128241539 0.40858412082 0.522176458587 0.66303034447 0 0.979128241539 0 0 0 0 
84 148 0.140959024385 0.762812215576 0.775726706249 0 0.949577212334 0.140959024385 0.762812215576 0.775726706249 0 0.949577212334 0 0 0 0 
92 148 -0.352976108606 0.16375201812 0.389110339987 0 0.9519110322 -0.352976108606 0.16375201812 0.389110339987 0 0.9519110322 0 0 0 0 
100 148 -0.402733075311 -0.462559774972 0.613315151754 0 0.892482101917 -0.402733075311 -0.462559774972 0.613315151754 0 0.892482101917 0 0 0 0 
108 148 0.125099739122 0.229704991072 0.261561326751 0 0.985477268696 0.125099739122 0.229704991072 0.261561326751 0 0.985477268696 0 0 0 0 
116 148 0.888751642773 -0.681149014328 1.119751518084 0 0.943176209927 0.888751642773 -0.681149014328 1.119751518084 0 0.943176209927 0 0 0 0 
124 148 -3 -8 8.544003745318 0 0.980207920074 -3 -8 8.544003745318 0 0.980207920074 0 0 0 0 
132 148 -3.051718696034 -7.239438633083 7.856364217747 0 0.992951512337 -3.051718696034 -7.239438633083 7.856364217747 0 0.992951512337 0 0 0 0 
140 148 -1.814166142268 -2.1725480541 2.830399943316 0 0.996381759644 0.073474246958 5.108863282877 5.109391598625 0 0.991667985916 0 0 0 0 
148 148 0 0 0 0 0 0 0 0 0 0 0 0 0 0 
156 148 0 0 0 0 0 0 0 0 0 0 0 0 0 0 
12 156 0 0 0 0 0 0 0 0 0 0 0 0 0 0 
20 156 0 0 0 0 0 0 0 0 0 0 0 0 0 0 
28 156 0 0 0 0 0 0 0 0 0 0 0 0 0 0 
36 156 -0.077842172055 -2.086550527495 2.088002037245 0 0.985938251019 -0.077842172055 -2.086550527495 2.088002037245 0 0.985938251019 0 0 0 0 
44 156 -0.244231965074 -2.021901706458 2.036599067893 0 0.995091974735 -0.244231965074 -2.021901706458 2.036599067893 0 0.995091974735 0 0 0 0 
52 156 -0.440105251375 -2.049517503941 2.096238209567 0 0.889641880989 6.994160854402 6.523002663623 9.563882569693 0 0.700573325157 0 0 0 0 
60 156 3.44228225858 5.021379747314 6.087985029094 0 0.910633385181 3.44228225858 5.021379747314 6.087985029094 0 0.910633385181 0 0 0 0 
68 156 0.402631023079 -0.19756198134 0.448489104902 0 0.964222192764 0.402631023079 -0.19756198134 0.448489104902 0 0.964222192764 0 0 0 0 
76 156 -0.010791812868 0.360733497536 0.36089488701 0 0.964084923267 -0.010791812868 0.360733497536 0.36089488701 0 0.964084923267 0 0 0 0 
84 156 0.209005611182 0.598252739333 0.633711042689 0 0.937068045139 -8 8 11.313708498985 0 -0.233366847038 0 0 0 0 
92 156 0.181757957903 1.691693282732 1.701429433771 0 0.976924180984 0.181757957903 1.691693282732 1.701429433771 0 0.976924180984 0 0 0 0 
100 156 0.037807457811 0.892780343711 0.893580520145 0 0.902912974358 0.037807457811 0.892780343711 0.893580520145 0 0.902912974358 0 0 0 0 
108 156 0.262761909461 0.076486800239 0.273667776098 0 0.986073791981 0.262761909461 0.076486800239 0.273667776098 0 0.986073791981 0 0 0 0 
116 156 0.211414871008 -0.088658874115 0.229252357987 0 0.959008276463 0.211414871008 -0.088658874115 0.229252357987 0 0.959008276463 0 0 0 0 
124 156 -1.14394540009 -0.437864782367 1.224882298845 0 0.962272644043 -1.14394540009 -0.437864782367 1.224882298845 0 0.962272644043 0 0 0 0 
132 156 -1.191450026844 0.207199013405 1.209332294129 0 0.99218916893 -1.191450026844 0.207199013405 1.209332294129 0 0.99218916893 0 0 0 0 
140 156 -1.771776859949 0.584694882291 1.865760259741 0 0.93051981926 -1.771776859949 0.584694882291 1.865760259741 0 0.93051981926 0 0 0 0 
148 156 0 0 0 0 0 0 0 0 0 0 0 0 0 0 
156 156 0 0 0 0 0 0 0 0 0 0 0 0 0 0 
12 164 0 0 0 0 0 0 0 0 0 0 0 0 0 0 
20 164 0 0 0 0 0 0 0 0 0 0 0 0 0 0 
28 164 0 0 0 0 0 0 0 0 0 0 0 0 0 0 
36 164 0.103857747833 -1.980162795225 1.982884547164 0 0.999178886414 0.103857747833 -1.980162795225 1.982884547164 0 0.999178886414 0 0 0 0 
44 164 -0.108834928714 -1.545077385122 1.548905796917 0 0.996075034142 -0.108834928714 -1.545077385122 1.548905796917 0 0.996075034142 0 0 0 0 
52 164 0.653320707195 -0.656574972697 0.926238976303 0 0.990387260914 7 -8 10.630145812735 0 0.426631629467 0 0 0 0 
60 164 -0.427248908476 -0.706080854297 0.825282862174 0 0.789631605148 -0.427248908476 -0.706080854297 0.825282862174 0 0.789631605148 0 0 0 0 
68 164 -0.184794752636 0.848388372264 0.868281020635 0 0.954922378063 -8 8 11.313708498985 0 0.338017165661 0 0 0 0 
76 164 -0.298269650468 0.134596479996 0.327232328503 0 0.912777662277 -0.298269650468 0.134596479996 0.327232328503 0 0.912777662277 0 0 0 0 
84 164 0.20304250597 -0.397537899232 0.446388441334 0 0.896797776222 -8 -2 8.246211251235 0 0.012915262952 0 0 0 0 
92 164 0.304166283898 0.901950876965 0.951857401462 0 0.956317007542 0.304166283898 0.901950876965 0.951857401462 0 0.956317007542 0 0 0 0 
100 164 -0.107560099318 1.16902237327 1.173960171459 0 0.871802210808 -0.107560099318 1.16902237327 1.173960171459 0 0.871802210808 0 0 0 0 
108 164 -1.137196742898 -2.037621710574 2.333477805221 0 0.92664295435 -1.137196742898 -2.037621710574 2.333477805221 0 0.92664295435 0 0 0 0 
116 164 -1.161404974487 -1.131919982707 1.621759649891 0 0.90764093399 -1.161404974487 -1.131919982707 1.621759649891 0 0.90764093399 0 0 0 0 
124 164 -1.337510618003 1.990246254408 2.397918849014 0 0.946697950363 -1.337510618003 1.990246254408 2.397918849014 0 0.946697950363 0 0 0 0 
132 164 -1.341487029418 1.337688866442 1.894465347664 0 0.991854012012 -1.341487029418 1.337688866442 1.894465347664 0 0.991854012012 0 0 0 0 
140 164 -1.80100360468 1.254125216588 2.194639843563 0 0.944399833679 -1.80100360468 1.254125216588 2.194639843563 0 0.944399833679 0 0 0 0 
148 164 0 0 0 0 0 0 0 0 0 0 0 0 0 0 
156 164 0 0 0 0 0 0 0 0 0 0 0 0 0 0 
12 172 0 0 0 0 0 0 0 0 0 0 0 0 0 0 
20 172 0 0 0 0 0 0 0 0 0 0 0 0 0 0 
28 172 0 0 0 0 0 0 0 0 0 0 0 0 0 0 
36 172 0.010932229293 -2.024651029812 2.024680544223 0 0.999717891216 -3 -8 8.544003745318 0 0.978640079498 0 0 0 0 
44 172 3.895760461532 2.938702125514 4.879848333313 0 0.996693909168 3.895760461532 2.938702125514 4.879848333313 0 0.996693909168 0 0 0 0 
52 172 -0.928112343341 -3.197654441455 3.329622568523 0 0.989762961864 -0.928112343341 -3.197654441455 3.329622568523 0 0.989762961864 0 0 0 0 
60 172 -2.017673645661 -4.792491625262 5.199902202792 0 0.989816904068 4.80657613254 6.382295928139 7.989798209733 0 0.968400478363 0 0 0 0 
68 172 -1.669516775333 -1.007357569007 1.949886031273 0 0.824728548527 8 8 11.313708498985 0 0.234841793776 0 0 0 0 
76 172 -0.306906377282 -0.744440870505 0.80522278538 0 0.815734803677 -8 -7 10.630145812735 0 0.694284677505 0 0 0 0 
84 172 -0.034911817378 -0.179309840343 0.182676911066 0 0.891750156879 -8 -4 8.944271909999 0 0.464019179344 0 0 0 0 
92 172 -0.89779956522 0.664533720841 1.116982150907 0 0.89934015274 8 8 11.313708498985 0 0.360446035862 0 0 0 0 
100 172 -0.979646166244 -1.411500416626 1.718150178876 0 0.938575804234 -0.979646166244 -1.411500416626 1.718150178876 0 0.938575804234 0 0 0 0 
108 172 -4.298776996107 -3.220945667925 5.371589583911 0 0.684997498989 -2 8 8.246211251235 0 0.29406824708 0 0 0 0 
116 172 -1.435120585861 0.964792445395 1.729276021534 0 0.522216558456 1.880770263935 5.550997388184 5.860961421928 0 0.491409212351 0 0 0 0 
124 172 -1.5954914726 1.912631380155 2.490733192354 0 0.949632167816 -8 -8 11.313708498985 0 0.216450884938 0 0 0 0 
132 172 -1.673646766956 1.84333155236 2.48977202018 0 0.984442830086 -1.673646766956 1.84333155236 2.48977202018 0 0.984442830086 0 0 0 0 
140 172 -1.898337804976 1.530635745515 2.438551251717 0 0.974713742733 -1.898337804976 1.530635745515 2.438551251717 0 0.974713742733 0 0 0 0 
148 172 0 0 0 0 0 0 0 0 0 0 0 0 0 0 
156 172 0 0 0 0 0 0 0 0 0 0 0 0 0 0 
12 180 0 0 0 0 0 0 0 0 0 0 0 0 0 0 
20 180 0 0 0 0 0 0 0 0 0 0 0 0 0 0 
28 180 0 0 0 0 0 0 0 0 0 0 0 0 0 0 
36 180 0 0 0 0 0 0 0 0 0 0 0 0 0 0 
44 180 6 8 10 0 0.999608755112 -3.899611078876 -6.423933497682 7.514911053974 0 0.99718695879 0 0 0 0 
52 180 4.609124375993 6.428858455257 7.910388647286 0 0.99298542738 -5 -8 9.433981132057 0 0.99230992794 0 0 0 0 
60 180 1.590899688051 2.190951769771 2.707624692402 0 0.97191631794 -6 -8 10 0 0.956329166889 0 0 0 0 
68 180 -2.156093224658 -0.73024874916 2.276400937679 0 0.982988715172 8 -8 11.313708498985 0 0.19054658711 0 0 0 0 
76 180 0.659088435008 0.490735418972 0.821716993006 0 0.830383181572 0.659088435008 0.490735418972 0.821716993006 0 0.830383181572 0 0 0 0 
84 180 -0.905592838658 1.822541948791 2.035130842115 0 0.949742257595 -0.905592838658 1.822541948791 2.035130842115 0 0.949742257595 0 0 0 0 
92 180 -1.162357870708 2.07594578593 2.379207163262 0 0.94010001421 -6 -8 10 0 0.012987384573 0 0 0 0 
100 180 -1.904640381507 0.999160035606 2.1508081643 0 0.926140964031 8 8 11.313708498985 0 0.436686128378 0 0 0 0 
108 180 -1.764786546834 -1.529343086897 2.335243420573 0 0.844595372677 8 8 11.313708498985 0 0.185641050339 0 0 0 0 
116 180 -2.067778540686 -0.862092290195 2.240292661715 0 0.991127312183 -2.067778540686 -0.862092290195 2.240292661715 0 0.991127312183 0 0 0 0 
124 180 2.177182341274 -3.597731886658 4.205210776576 0 0.961870968342 -8 6 10 0 0.96041893959 0 0 0 0 
132 180 -0.913409900769 0.271222962213 0.952827131254 0 0.958583474159 -0.913409900769 0.271222962213 0.952827131254 0 0.958583474159 0 0 0 0 
140 180 -1.951595408772 2.274058281258 2.996675775939 0 0.998224914074 -8 8 11.313708498985 0 0.993397474289 0 0 0 0 
148 180 0 0 0 0 0 0 0 0 0 0 0 0 0 0 
156 180 0 0 0 0 0 0 0 0 0 0 0 0 0 0 
12 188 0 0 0 0 0 0 0 0 0 0 0 0 0 0 
20 188 0 0 0 0 0 0 0 0 0 0 0 0 0 0 
28 188 0 0 0 0 0 0 0 0 0 0 0 0 0 0 
36 188 0 0 0 0 0 0 0 0 0 0 0 0 0 0 
44 188 0 0 0 0 0 0 0 0 0 0 0 0 0 0 
52 188 4.226512333512 4.777741047215 6.378888305933 0 0.996115922928 -5 -8 9.433981132057 0 0.955853044987 0 0 0 0 
60 188 -0.998253183919 0.083822345869 1.00176624263 0 0.994264125824 -0.998253183919 0.083822345869 1.00176624263 0 0.994264125824 0 0 0 0 
68 188 -2.796149965766 -2.054338862609 3.469692031503 0 0.987375557423 6.418468492392 3.025534160601 7.095815298103 0 0.974325478077 0 0 0 0 
76 188 -1.439235785678 -1.050945049385 1.782101328096 0 0.980540394783 5.520188249948 2.161605864826 5.928323391121 0 0.979563713074 0 0 0 0 
84 188 1.699150438589 0.910985831111 1.927954200037 0 0.959676742554 1.699150438589 0.910985831111 1.927954200037 0 0.959676742554 0 0 0 0 
92 188 -1.670550955226 1.610169582761 2.320212615097 0 0.930910527706 -1.670550955226 1.610169582761 2.320212615097 0 0.930910527706 0 0 0 0 
100 188 -0.978120982626 2.047633647993 2.26925631277 0 0.955707252026 -8 -6 10 0 0.532083928585 0 0 0 0 
108 188 -3.81947981308 2.56598895697 4.601382984475 0 0.972032010555 8 -8 11.313708498985 0 0.908088743687 0 0 0 0 
116 188 -6.506878465933 4.34684996362 7.825252198917 0 0.9871083498 -6.506878465933 4.34684996362 7.825252198917 0 0.9871083498 0 0 0 0 
124 188 -1.725102471518 -0.687666580702 1.85711169924 0 0.993928194046 -1.725102471518 -0.687666580702 1.85711169924 0 0.993928194046 0 0 0 0 
132 188 -1.95308042201 -0.113024689973 1.956348055787 0 0.998649954796 -8 4 8.944271909999 0 0.998597681522 0 0 0 0 
140 188 0 0 0 0 0 0 0 0 0 0 0 0 0 0 
148 188 0 0 0 0 0 0 0 0 0 0 0 0 0 0 
156 188 0 0 0 0 0 0 0 0 0 0 0 0 0 0 
12 196 0 0 0 0 0 0 0 0 0 0 0 0 0 0 
20 196 0 0 0 0 0 0 0 0 0 0 0 0 0 0 
28 196 0 0 0 0 0 0 0 0 0 0 0 0 0 0 
36 196 0 0 0 0 0 0 0 0 0 0 0 0 0 0 
44 196 0 0 0 0 0 0 0 0 0 0 0 0 0 0 
52 196 0 0 0 0 0 0 0 0 0 0 0 0 0 0 
60 196 -3.959632289812 -2.055124791058 4.461191071602 0 0.99901008606 4.049235219172 2.177111393711 4.597403602122 0 0.998814761639 0 0 0 0 
68 196 5.445074079504 1.857258423134 5.75310703721 0 0.985015451908 -8 -5 9.433981132057 0 0.980446338654 0 0 0 0 
76 196 5.941737729064 2.017882500347 6.275037611536 0 0.997780501842 5.941737729064 2.017882500347 6.275037611536 0 0.997780501842 0 0 0 0 
84 196 3.085270521795 1.056837459637 3.261257366224 0 0.992543458939 5 -8 9.433981132057 0 0.746976196766 0 0 0 0 
92 196 -2.144603833404 0.974787046331 2.355745187397 0 0.984510481358 -3 -8 8.544003745318 0 0.772328734398 0 0 0 0 
100 196 -1.432493990891 1.938704531998 2.410521581801 0 0.990817248821 -8 -8 11.313708498985 0 0.734750986099 0 0 0 0 
108 196 -3.0591112916 2.335234785747 3.848569006651 0 0.985514581203 -3.0591112916 2.335234785747 3.848569006651 0 0.985514581203 0 0 0 0 
116 196 -5.883559545549 4.037724118217 7.135789303283 0 0.995806574821 7 -8 10.630145812735 0 0.980369031429 0 0 0 0 
124 196 -6.009054028188 3.981484883986 7.208394564332 0 0.999962031841 6.754894689263 -7.48715792235 10.083954383933 0 0.993445754051 0 0 0 0 
132 196 0 0 0 0 0 0 0 0 0 0 0 0 0 0 
140 196 0 0 0 0 0 0 0 0 0 0 0 0 0 0 
148 196 0 0 0 0 0 0 0 0 0 0 0 0 0 0 
156 196 0 0 0 0 0 0 0 0 0 0 0 0 0 0 
12 204 0 0 0 0 0 0 0 0 0 0 0 0 0 0 
20 204 0 0 0 0 0 0 0 0 0 0 0 0 0 0 
28 204 0 0 0 0 0 0 0 0 0 0 0 0 0 0 
36 204 0 0 0 0 0 0 0 0 0 0 0 0 0 0 
44 204 0 0 0 0 0 0 0 0 0 0 0 0 0 0 
52 204 0 0 0 0 0 0 0 0 0 0 0 0 0 0 
60 204 0 0 0 0 0 0 0 0 0 0 0 0 0 0 
68 204 6.023623648161 1.981187579384 6.3410682128 0 1 -1.976376351839 -2.026479455485 2.830668201611 0 1 0 0 0 0 
76 204 5.724710138361 2.120313757568 6.104755244789 0 0.99885737896 -1.813497200713 -0.107006927624 1.816651474432 0 0.988903522491 0 0 0 0 
84 204 3.830099718109 1.146261574454 3.997946904066 0 0.949541926384 3.830099718109 1.146261574454 3.997946904066 0 0.949541926384 0 0 0 0 
92 204 6.912801758303 1.019256558391 6.987539773155 0 0.927072584629 -2.516577174251 -0.171460754858 2.522411438369 0 0.891012430191 0 0 0 0 
100 204 -2.542973829596 1.855435275518 3.147912952997 0 0.925352156162 3.272180273291 1.027027367008 3.429569791314 0 0.907066404819 0 0 0 0 
108 204 2.642999203994 1.589758715822 3.084279100024 0 0.990569412708 2.642999203994 1.589758715822 3.084279100024 0 0.990569412708 0 0 0 0 
116 204 -3.340853814898 3.73981816719 5.014732708347 0 0.985236167908 8 -8 11.313708498985 0 0.902009248734 0 0 0 0 
124 204 0 0 0 0 0 0 0 0 0 0 0 0 0 0 
132 204 0 0 0 0 0 0 0 0 0 0 0 0 0 0 
140 204 0 0 0 0 0 0 0 0 0 0 0 0 0 0 
148 204 0 0 0 0 0 0 0 0 0 0 0 0 0 0 
156 204 0 0 0 0 0 0 0 0 0 0 0 0 0 0 
12 212 0 0 0 0 0 0 0 0 0 0 0 0 0 0 
20 212 0 0 0 0 0 0 0 0 0 0 0 0 0 0 
28 212 0 0 0 0 0 0 0 0 0 0 0 0 0 0 
36 212 0 0 0 0 0 0 0 0 0 0 0 0 0 0 
44 212 0 0 0 0 0 0 0 0 0 0 0 0 0 0 
52 212 0 0 0 0 0 0 0 0 0 0 0 0 0 0 
60 212 0 0 0 0 0 0 0 0 0 0 0 0 0 0 
68 212 0 0 0 0 0 0 0 0 0 0 0 0 0 0 
76 212 0 0 0 0 0 0 0 0 0 0 0 0 0 0 
84 212 0 0 0 0 0 0 0 0 0 0 0 0 0 0 
92 212 0 0 0 0 0 0 0 0 0 0 0 0 0 0 
100 212 0 0 0 0 0 0 0 0 0 0 0 0 0 0 
108 212 0 0 0 0 0 0 0 0 0 0 0 0 0 0 
116 212 0 0 0 0 0 0 0 0 0 0 0 0 0 0 
124 212 0 0 0 0 0 0 0 0 0 0 0 0 0 0 
132 212 0 0 0 0 0 0 0 0 0 0 0 0 0 0 
140 212 0 0 0 0 0 0 0 0 0 0 0 0 0 0 
148 212 0 0 0 0 0 0 0 0 0 0 0 0 0 0 
156 212 0 0 0 0 0 0 0 0 0 0 0 0 0 0 
12 220 0 0 0 0 0 0 0 0 0 0 0 0 0 0 
20 220 0 0 0 0 0 0 0 0 0 0 0 0 0 0 
28 220 0 0 0 0 0 0 0 0 0 0 0 0 0 0 
36 220 0 0 0 0 0 0 0 0 0 0 0 0 0 0 
44 220 0 0 0 0 0 0 0 0 0 0 0 0 0 0 
52 220 0 0 0 0 0 0 0 0 0 0 0 0 0 0 
60 220 0 0 0 0 0 0 0 0 0 0 0 0 0 0 
68 220 0 0 0 0 0 0 0 0 0 0 0 0 0 0 
76 220 0 0 0 0 0 0 0 0 0 0 0 0 0 0 
84 220 0 0 0 0 0 0 0 0 0 0 0 0 0 0 
92 220 0 0 0 0 0 0 0 0 0 0 0 0 0 0 
100 220 0 0 0 0 0 0 0 0 0 0 0 0 0 0 
108 220 0 0 0 0 0 0 0 0 0 0 0 0 0 0 
116 220 0 0 0 0 0 0 0 0 0 0 0 0 0 0 
124 220 0 0 0 0 0 0 0 0 0 0 0 0 0 0 
132 220 0 0 0 0 0 0 0 0 0 0 0 0 0 0 
140 220 0 0 0 0 0 0 0 0 0 0 0 0 0 0 
148 220 0 0 0 0 0 0 0 0 0 0 0 0 0 0 
156 220 0 0 0 0 0 0 0 0 0 0 0 0 0 0 
12 228 0 0 0 0 0 0 0 0 0 0 0 0 0 0 
20 228 0 0 0 0 0 0 0 0 0 0 0 0 0 0 
28 228 0 0 0 0 0 0 0 0 0 0 0 0 0 0 
36 228 0 0 0 0 0 0 0 0 0 0 0 0 0 0 
44 228 0 0 0 0 0 0 0 0 0 0 0 0 0 0 
52 228 0 0 0 0 0 0 0 0 0 0 0 0 0 0 
60 228 0 0 0 0 0 0 0 0 0 0 0 0 0 0 
68 228 0 0 0 0 0 0 0 0 0 0 0 0 0 0 
76 228 0 0 0 0 0 0 0 0 0 0 0 0 0 0 
84 228 0 0 0 0 0 0 0 0 0 0 0 0 0 0 
92 228 0 0 0 0 0 0 0 0 0 0 0 0 0 0 
100 228 0 0 0 0 0 0 0 0 0 0 0 0 0 0 
108 228 0 0 0 0 0 0 0 0 0 0 0 0 0 0 
116 228 0 0 0 0 0 0 0 0 0 0 0 0 0 0 
124 228 0 0 0 0 0 0 0 0 0 0 0 0 0 0 
132 228 0 0 0 0 0 0 0 0 0 0 0 0 0 0 
140 228 0 0 0 0 0 0 0 0 0 0 0 0 0 0 
148 228 0 0 0 0 0 0 0 0 0 0 0 0 0 0 
156 228 0 0 0 0 0 0 0 0 0 0 0 0 0 0 
