12 12 0 0 0 0 0 0 0 0 0 0 0 0 0 0 
20 12 0 0 0 0 0 0 0 0 0 0 0 0 0 0 
28 12 0 0 0 0 0 0 0 0 0 0 0 0 0 0 
36 12 0 0 0 0 0 0 0 0 0 0 0 0 0 0 
44 12 0 0 0 0 0 0 0 0 0 0 0 0 0 0 
52 12 0 0 0 0 0 0 0 0 0 0 0 0 0 0 
60 12 0 0 0 0 0 0 0 0 0 0 0 0 0 0 
68 12 0 0 0 0 0 0 0 0 0 0 0 0 0 0 
76 12 0 0 0 0 0 0 0 0 0 0 0 0 0 0 
84 12 0 0 0 0 0 0 0 0 0 0 0 0 0 0 
92 12 0 0 0 0 0 0 0 0 0 0 0 0 0 0 
100 12 0 0 0 0 0 0 0 0 0 0 0 0 0 0 
108 12 0 0 0 0 0 0 0 0 0 0 0 0 0 0 
116 12 0 0 0 0 0 0 0 0 0 0 0 0 0 0 
124 12 0 0 0 0 0 0 0 0 0 0 0 0 0 0 
132 12 0 0 0 0 0 0 0 0 0 0 0 0 0 0 
140 12 0 0 0 0 0 0 0 0 0 0 0 0 0 0 
148 12 0 0 0 0 0 0 0 0 0 0 0 0 0 0 
156 12 0 0 0 0 0 0 0 0 0 0 0 0 0 0 
12 20 0 0 0 0 0 0 0 0 0 0 0 0 0 0 
20 20 0 0 0 0 0 0 0 0 0 0 0 0 0 0 
28 20 0 0 0 0 0 0 0 0 0 0 0 0 0 0 
36 20 0 0 0 0 0 0 0 0 0 0 0 0 0 0 
44 20 0 0 0 0 0 0 0 0 0 0 0 0 0 0 
52 20 0 0 0 0 0 0 0 0 0 0 0 0 0 0 
60 20 0 0 0 0 0 0 0 0 0 0 0 0 0 0 
68 20 0 0 0 0 0 0 0 0 0 0 0 0 0 0 
76 20 0 0 0 0 0 0 0 0 0 0 0 0 0 0 
84 20 0 0 0 0 0 0 0 0 0 0 0 0 0 0 
92 20 0 0 0 0 0 0 0 0 0 0 0 0 0 0 
100 20 0 0 0 0 0 0 0 0 0 0 0 0 0 0 
108 20 0 0 0 0 0 0 0 0 0 0 0 0 0 0 
116 20 0 0 0 0 0 0 0 0 0 0 0 0 0 0 
124 20 0 0 0 0 0 0 0 0 0 0 0 0 0 0 
132 20 0 0 0 0 0 0 0 0 0 0 0 0 0 0 
140 20 0 0 0 0 0 0 0 0 0 0 0 0 0 0 
148 20 0 0 0 0 0 0 0 0 0 0 0 0 0 0 
156 20 0 0 0 0 0 0 0 0 0 0 0 0 0 0 
12 28 0 0 0 0 0 0 0 0 0 0 0 0 0 0 
20 28 0 0 0 0 0 0 0 0 0 0 0 0 0 0 
28 28 0 0 0 0 0 0 0 0 0 0 0 0 0 0 
36 28 0 0 0 0 0 0 0 0 0 0 0 0 0 0 
44 28 0 0 0 0 0 0 0 0 0 0 0 0 0 0 
52 28 0 0 0 0 0 0 0 0 0 0 0 0 0 0 
60 28 0 0 0 0 0 0 0 0 0 0 0 0 0 0 
68 28 0 0 0 0 0 0 0 0 0 0 0 0 0 0 
76 28 0 0 0 0 0 0 0 0 0 0 0 0 0 0 
84 28 0 0 0 0 0 0 0 0 0 0 0 0 0 0 
92 28 0.482287248653 0.178623577593 0.514302802525 0 0.985846281052 -8 2 8.246211251235 0 0.939198732376 0 0 0 0 
100 28 4.289610390787 -0.165417408929 4.292798647028 0 0.974657595158 -8 2 8.246211251235 0 0.96142244339 0 0 0 0 
108 28 2.93526501096 0.066009946344 2.936007152168 0 0.993473470211 -8 3 8.544003745318 0 0.729152023792 0 0 0 0 
116 28 2.949031282198 0.197346866837 2.955627055167 0 0.99426305294 7.141624499139 2.160364537805 7.461231495062 0 0.968897044659 0 0 0 0 
124 28 0.297063163202 0.469151311507 0.555292243797 0 0.986982882023 -4.623912988256 -1.602984647363 4.893887115846 0 0.971505641937 0 0 0 0 
132 28 0 0 0 0 0 0 0 0 0 0 0 0 0 0 
140 28 0 0 0 0 0 0 0 0 0 0 0 0 0 0 
148 28 0 0 0 0 0 0 0 0 0 0 0 0 0 0 
156 28 0 0 0 0 0 0 0 0 0 0 0 0 0 0 
12 36 0 0 0 0 0 0 0 0 0 0 0 0 0 0 
20 36 0 0 0 0 0 0 0 0 0 0 0 0 0 0 
28 36 0 0 0 0 0 0 0 0 0 0 0 0 0 0 
36 36 0 0 0 0 0 0 0 0 0 0 0 0 0 0 
44 36 0 0 0 0 0 0 0 0 0 0 0 0 0 0 
52 36 0 0 0 0 0 0 0 0 0 0 0 0 0 0 
60 36 0 0 0 0 0 0 0 0 0 0 0 0 0 0 
68 36 1.823664347462 -2.090594961741 2.774227630578 0 0.998335242271 -7.040726085017 6.26564856012 9.424976163533 0 0.899296462536 0 0 0 0 
76 36 1.970446445279 -2.011961586515 2.816140731448 0 0.99968624115 8 -4 8.944271909999 0 0.999321341515 0 0 0 0 
84 36 -4.185787409251 -0.098582728028 4.186948147483 0 0.99789839983 -4.185787409251 -0.098582728028 4.186948147483 0 0.99789839983 0 0 0 0 
92 36 -8 1 8.062257748299 0 0.996168017387 -8 1 8.062257748299 0 0.996168017387 0 0 0 0 
100 36 -6.790443947686 1.167321757799 6.890048555191 0 0.995291769505 -6.790443947686 1.167321757799 6.890048555191 0 0.995291769505 0 0 0 0 
108 36 2.563724106024 0.292797880142 2.580389871787 0 0.995549499989 2.563724106024 0.292797880142 2.580389871787 0 0.995549499989 0 0 0 0 
116 36 -0.323997933048 0.317730032787 0.453791840334 0 0.983107745647 -0.323997933048 0.317730032787 0.453791840334 0 0.983107745647 0 0 0 0 
124 36 -2.44207792416 -0.63643019038 2.523645770487 0 0.994478642941 8 8 11.313708498985 0 0.959024608135 0 0 0 0 
132 36 0.067641743026 1.852821881909 1.854056183475 0 0.999187588692 0.067641743026 1.852821881909 1.854056183475 0 0.999187588692 0 0 0 0 
140 36 0 0 0 0 0 0 0 0 0 0 0 0 0 0 
148 36 0 0 0 0 0 0 0 0 0 0 0 0 0 0 
156 36 0 0 0 0 0 0 0 0 0 0 0 0 0 0 
12 44 0 0 0 0 0 0 0 0 0 0 0 0 0 0 
20 44 0 0 0 0 0 0 0 0 0 0 0 0 0 0 
28 44 0 0 0 0 0 0 0 0 0 0 0 0 0 0 
36 44 0 0 0 0 0 0 0 0 0 0 0 0 0 0 
44 44 0 0 0 0 0 0 0 0 0 0 0 0 0 0 
52 44 0 0 0 0 0 0 0 0 0 0 0 0 0 0 
60 44 4.032613848504 -4.018402515912 5.6929371357 0 0.999727427959 -8 8 11.313708498985 0 0.978350162506 0 0 0 0 
68 44 -8 8 11.313708498985 0 0.992073237896 3.051066136934 -2.728233751092 4.092952964858 0 0.98890286684 0 0 0 0 
76 44 1.733686560109 -2.116367675956 2.735814545713 0 0.994133353233 8 8 11.313708498985 0 0.522721648216 0 0 0 0 
84 44 1.807739409629 -1.933697600919 2.647094290902 0 0.998133003712 6 8 10 0 0.668691575527 0 0 0 0 
92 44 -4.434272456412 -0.100971559015 4.435421904783 0 0.995145082474 -4.434272456412 -0.100971559015 4.435421904783 0 0.995145082474 0 0 0 0 
100 44 0.329887516829 0.026998029433 0.33099043393 0 0.987706124783 0.329887516829 0.026998029433 0.33099043393 0 0.987706124783 0 0 0 0 
108 44 2.013210470721 0.168163065602 2.020221575979 0 0.979942619801 2.013210470721 0.168163065602 2.020221575979 0 0.979942619801 0 0 0 0 
116 44 -0.256661995434 0.119916984683 0.283293951781 0 0.962885260582 8 8 11.313708498985 0 0.80669683218 0 0 0 0 
124 44 -1.552904750345 -0.368348565075 1.595993054195 0 0.980263888836 -1.552904750345 -0.368348565075 1.595993054195 0 0.980263888836 0 0 0 0 
132 44 0.888175599242 3.180386073405 3.302076842079 0 0.993380963802 0.888175599242 3.180386073405 3.302076842079 0 0.993380963802 0 0 0 0 
140 44 1.861335608683 4.127817886871 4.52807362521 0 0.999499320984 -8 -5 9.433981132057 0 0.992887079716 0 0 0 0 
148 44 0 0 0 0 0 0 0 0 0 0 0 0 0 0 
156 44 0 0 0 0 0 0 0 0 0 0 0 0 0 0 
12 52 0 0 0 0 0 0 0 0 0 0 0 0 0 0 
20 52 0 0 0 0 0 0 0 0 0 0 0 0 0 0 
28 52 0 0 0 0 0 0 0 0 0 0 0 0 0 0 
36 52 0 0 0 0 0 0 0 0 0 0 0 0 0 0 
44 52 0 0 0 0 0 0 0 0 0 0 0 0 0 0 
52 52 6.005104844509 -5.985042443008 8.478326322934 0 0.999852240086 -0.948695543789 -0.974420468803 1.359970030856 0 0.999163985252 0 0 0 0 
60 52 3.984442079774 -4.016939431679 5.657877789848 0 0.999776721001 3.984442079774 -4.016939431679 5.657877789848 0 0.999776721001 0 0 0 0 
68 52 3.116123594876 -2.87954033097 4.242873881725 0 0.99521869421 3.116123594876 -2.87954033097 4.242873881725 0 0.99521869421 0 0 0 0 
76 52 1.879801367859 -2.089771188507 2.810835605816 0 0.985783398151 -8 8 11.313708498985 0 0.929279148579 0 0 0 0 
84 52 -1.180474094693 -1.322911503144 1.773023951725 0 0.979584634304 -1.180474094693 -1.322911503144 1.773023951725 0 0.979584634304 0 0 0 0 
92 52 -3.442427758681 -1.127788753479 3.622459985453 0 0.897537708282 -3.442427758681 -1.127788753479 3.622459985453 0 0.897537708282 0 0 0 0 
100 52 0.040733088387 0.514917816916 0.516526420105 0 0.898721337318 0.040733088387 0.514917816916 0.516526420105 0 0.898721337318 0 0 0 0 
108 52 -1.155268276829 0.714576978717 1.358405333456 0 0.843207001686 8 -8 11.313708498985 0 0.225700154901 0 0 0 0 
116 52 -1.171738045568 1.97707458911 2.298215389891 0 0.836964905262 -7 -8 10.630145812735 0 0.037637848407 0 0 0 0 
124 52 -0.36909286602 1.942586021259 1.977339119559 0 0.988814353943 -8 7 10.630145812735 0 0.492353081703 0 0 0 0 
132 52 1.271074806322 2.95121642465 3.213301969686 0 0.992049098015 -8 -7 10.630145812735 0 0.902628958225 0 0 0 0 
140 52 1.305621476817 2.950359558739 3.226339871521 0 0.991466999054 -8 -8 11.313708498985 0 0.836622178555 0 0 0 0 
148 52 -0.497913733513 -2.115438402991 2.17324589563 0 0.996557295322 -2.402566940842 -5.887306438489 6.358671638472 0 0.9920835495 0 0 0 0 
156 52 0 0 0 0 0 0 0 0 0 0 0 0 0 0 
12 60 0 0 0 0 0 0 0 0 0 0 0 0 0 0 
20 60 0 0 0 0 0 0 0 0 0 0 0 0 0 0 
28 60 0 0 0 0 0 0 0 0 0 0 0 0 0 0 
36 60 0 0 0 0 0 0 0 0 0 0 0 0 0 0 
44 60 -6 8 10 0 1 -3.502626074113 4.076663308354 5.37471609899 0 1 0 0 0 0 
52 60 -6 8 10 0 0.999482452869 1.392385234585 -2.543464107493 2.899645893484 0 0.996592342854 0 0 0 0 
60 60 0.413737638236 -0.615234008308 0.741411976078 0 0.988380551338 0.413737638236 -0.615234008308 0.741411976078 0 0.988380551338 0 0 0 0 
68 60 3.045291692971 -2.926285175618 4.223380923421 0 0.992548584938 3.045291692971 -2.926285175618 4.223380923421 0 0.992548584938 0 0 0 0 
76 60 0.809987723212 -0.272597813695 0.854628386952 0 0.857258200645 -8 7 10.630145812735 0 0.506375968456 0 0 0 0 
84 60 -0.340688272469 0.204133109893 0.397163474595 0 0.906865298748 -0.340688272469 0.204133109893 0.397163474595 0 0.906865298748 0 0 0 0 
92 60 -2.2450717333 0.261487664235 2.2602484125 0 0.889510154724 -8 -8 11.313708498985 0 -0.309036165476 0 0 0 0 
100 60 -1.725303719245 -0.042003670803 1.725814947207 0 0.883816480637 -1.725303719245 -0.042003670803 1.725814947207 0 0.883816480637 0 0 0 0 
108 60 -0.421531962565 0.979645206132 1.066486720668 0 0.818902313709 -0.421531962565 0.979645206132 1.066486720668 0 0.818902313709 0 0 0 0 
116 60 4.735558841268 -1.595753340447 4.997193838812 0 0.938476502895 4.735558841268 -1.595753340447 4.997193838812 0 0.938476502895 0 0 0 0 
124 60 -0.310528792336 1.089557564236 1.132944754458 0 0.875229001045 8 -8 11.313708498985 0 0.407044380903 0 0 0 0 
132 60 1.168277700475 1.876395289707 2.210369215462 0 0.984111368656 -8 -8 11.313708498985 0 0.511393964291 0 0 0 0 
140 60 0.915181573551 2.184819926037 2.368753980846 0 0.989996433258 0.915181573551 2.184819926037 2.368753980846 0 0.989996433258 0 0 0 0 
148 60 -0.497022465198 -1.149832359139 1.252655493355 0 0.85815435648 -0.497022465198 -1.149832359139 1.252655493355 0 0.85815435648 0 0 0 0 
156 60 0 0 0 0 0 0 0 0 0 0 0 0 0 0 
12 68 0 0 0 0 0 0 0 0 0 0 0 0 0 0 
20 68 0 0 0 0 0 0 0 0 0 0 0 0 0 0 
28 68 0 0 0 0 0 0 0 0 0 0 0 0 0 0 
36 68 0 0 0 0 0 0 0 0 0 0 0 0 0 0 
44 68 2.008318073424 -5.96637742889 6.295315806853 0 0.998791873455 -5.936309019583 6.052737964182 8.477936166252 0 0.998183250427 0 0 0 0 
52 68 -5.034562862906 6.135918746774 7.937022243106 0 0.980554461479 1.593664354012 -4.444805408945 4.721870518834 0 0.976397693157 0 0 0 0 
60 68 -5.801762263119 7.284473324301 9.312571984699 0 0.97597849369 8 8 11.313708498985 0 0.30297639966 0 0 0 0 
68 68 -0.506467874638 -0.840547512851 0.981340832433 0 0.894786298275 -5.873813750187 7.252676572323 9.332899090562 0 0.852227330208 0 0 0 0 
76 68 -0.207518118437 -0.693711295336 0.72408503006 0 0.904642164707 8 -8 11.313708498985 0 -0.12100212276 0 0 0 0 
84 68 -0.186250356929 -0.737736574046 0.76088399125 0 0.889360904694 -7 -8 10.630145812735 0 0.375248581171 0 0 0 0 
92 68 5.703262128439 -3.894027737654 6.905841797153 0 0.847909867764 1.254875372757 5.243257091424 5.391331665547 0 0.656970024109 0 0 0 0 
100 68 4.009813324754 -4.074938487296 5.716968302747 0 0.717699885368 4.009813324754 -4.074938487296 5.716968302747 0 0.717699885368 0 0 0 0 
108 68 -1.74228595507 1.172082009188 2.099842038224 0 0.821832239628 5.068486015724 -3.073732685229 5.927679403598 0 0.728481709957 0 0 0 0 
116 68 -1.800864958445 2.050168495475 2.728791941207 0 0.491192221642 8 6 10 0 0.002883521607 0 0 0 0 
124 68 -0.813036247893 4.12374432054 4.203129210669 0 0.514473080635 8 5 9.433981132057 0 0.474321752787 0 0 0 0 
132 68 0.774342631971 -2.576131555325 2.689992621185 0 0.978962898254 0.774342631971 -2.576131555325 2.689992621185 0 0.978962898254 0 0 0 0 
140 68 0.552311231207 -2.761452411278 2.816144015471 0 0.986952185631 0.552311231207 -2.761452411278 2.816144015471 0 0.986952185631 0 0 0 0 
148 68 -0.49715668997 -1.191571399271 1.291126319902 0 0.896302461624 -0.49715668997 -1.191571399271 1.291126319902 0 0.896302461624 0 0 0 0 
156 68 0 0 0 0 0 0 0 0 0 0 0 0 0 0 
12 76 0 0 0 0 0 0 0 0 0 0 0 0 0 0 
20 76 0 0 0 0 0 0 0 0 0 0 0 0 0 0 
28 76 0 0 0 0 0 0 0 0 0 0 0 0 0 0 
36 76 2.648516672554 -4.802126369307 5.484073142436 0 0.971248328686 2.648516672554 -4.802126369307 5.484073142436 0 0.971248328686 0 0 0 0 
44 76 3.053177173011 -7.056492692472 7.688691694216 0 0.995494663715 3.053177173011 -7.056492692472 7.688691694216 0 0.995494663715 0 0 0 0 
52 76 3.023927564255 -6.996347719349 7.62187767705 0 0.99357521534 3.023927564255 -6.996347719349 7.62187767705 0 0.99357521534 0 0 0 0 
60 76 1.910564300883 -6.143866026783 6.434076911483 0 0.959834337234 8 8 11.313708498985 0 0.360002934933 0 0 0 0 
68 76 0.58731757505 -1.234813162792 1.367371742053 0 0.978342592716 -8 -8 11.313708498985 0 0.24376553297 0 0 0 0 
76 76 -0.746688891757 -0.038176996718 0.747664218852 0 0.978548705578 -0.746688891757 -0.038176996718 0.747664218852 0 0.978548705578 0 0 0 0 
84 76 -1.048846393034 -0.486003412468 1.155974944846 0 0.974720418453 -1.048846393034 -0.486003412468 1.155974944846 0 0.974720418453 0 0 0 0 
92 76 -2.133428996381 -2.528114092726 3.308002440815 0 0.726073682308 -2.133428996381 -2.528114092726 3.308002440815 0 0.726073682308 0 0 0 0 
100 76 4.30237643608 5.116968894869 6.685343197532 0 0.906463384628 -5.224643146045 2.23680202594 5.683324670188 0 0.761021614075 0 0 0 0 
108 76 4.872615634895 -5.771022566059 7.552952044293 0 0.759732484818 -7.076333642031 1.400581170199 7.213606963763 0 0.642191648483 0 0 0 0 
116 76 3.877018929948 -2.457198711952 4.590109072037 0 0.558286190033 8 8 11.313708498985 0 -0.160221144557 0 0 0 0 
124 76 -0.328810902012 0.137027037539 0.356220463054 0 0.531862080097 -8 1 8.062257748299 0 0.498045682907 0 0 0 0 
132 76 0.178020247939 -2.985837606076 2.991139819289 0 0.987072110176 0.178020247939 -2.985837606076 2.991139819289 0 0.987072110176 0 0 0 0 
140 76 0.161989083617 -2.996059171436 3.000435138769 0 0.98945325613 0.161989083617 -2.996059171436 3.000435138769 0 0.98945325613 0 0 0 0 
148 76 -0.497417603064 -0.351015484477 0.608798934116 0 0.984437167645 -5 8 9.433981132057 0 0.803718924522 0 0 0 0 
156 76 0 0 0 0 0 0 0 0 0 0 0 0 0 0 
12 84 0 0 0 0 0 0 0 0 0 0 0 0 0 0 
20 84 0 0 0 0 0 0 0 0 0 0 0 0 0 0 
28 84 0 0 0 0 0 0 0 0 0 0 0 0 0 0 
36 84 1.699420056579 -3.657711409807 4.033222196475 0 0.965730547905 1.699420056579 -3.657711409807 4.033222196475 0 0.965730547905 0 0 0 0 
44 84 1.103637312324 -3.687475530318 3.849089646117 0 0.990916907787 1.103637312324 -3.687475530318 3.849089646117 0 0.990916907787 0 0 0 0 
52 84 0.959251263139 -3.830406313025 3.948692886094 0 0.980021297932 8 8 11.313708498985 0 0.014559079893 0 0 0 0 
60 84 -0.682066830866 -2.537865802749 2.627922752771 0 0.862323641777 0 8 8 0 0.531561017036 0 0 0 0 
68 84 -0.060725090832 -1.117975186231 1.119623174861 0 0.992401063442 -0.060725090832 -1.117975186231 1.119623174861 0 0.992401063442 0 0 0 0 
76 84 -0.679784281606 0.132051566872 0.692491361558 0 0.972078442574 -0.679784281606 0.132051566872 0.692491361558 0 0.972078442574 0 0 0 0 
84 84 -0.728526581576 -0.131071910684 0.740223497218 0 0.982056379318 -0.728526581576 -0.131071910684 0.740223497218 0 0.982056379318 0 0 0 0 
92 84 -2.367864186245 -1.203203130762 2.656026840673 0 0.830972731113 -2.367864186245 -1.203203130762 2.656026840673 0 0.830972731113 0 0 0 0 
100 84 5.059380598183 0.774967472321 5.118389064972 0 0.810629963875 4.197462797966 -6.817717314435 8.006245269779 0 0.76925611496 0 0 0 0 
108 84 2.192514869774 -1.014668066653 2.415920681576 0 0.765296459198 -4.032203865903 3.785019218704 5.530374173794 0 0.662620306015 0 0 0 0 
116 84 1.922392349774 0.167485697531 1.929674533528 0 0.824028789997 -8 7 10.630145812735 0 0.706459403038 0 0 0 0 
124 84 0.084766722818 0.095204114639 0.1274724313 0 0.962382674217 -3 8 8.544003745318 0 0.883390128613 0 0 0 0 
132 84 -0.750706096496 0.329187963278 0.819709923377 0 0.988783836365 -0.750706096496 0.329187963278 0.819709923377 0 0.988783836365 0 0 0 0 
140 84 -0.135917645106 -1.75035794251 1.755627105384 0 0.984549403191 -0.135917645106 -1.75035794251 1.755627105384 0 0.984549403191 0 0 0 0 
148 84 0 0 0 0 0 0 0 0 0 0 0 0 0 0 
156 84 0 0 0 0 0 0 0 0 0 0 0 0 0 0 
12 92 0 0 0 0 0 0 0 0 0 0 0 0 0 0 
20 92 0 0 0 0 0 0 0 0 0 0 0 0 0 0 
28 92 0 0 0 0 0 0 0 0 0 0 0 0 0 0 
36 92 1.324262414138 -1.847235410862 2.272872544742 0 0.95424759388 1.324262414138 -1.847235410862 2.272872544742 0 0.95424759388 0 0 0 0 
44 92 0.709880802176 -2.158082886694 2.271839012593 0 0.990441441536 0.709880802176 -2.158082886694 2.271839012593 0 0.990441441536 0 0 0 0 
52 92 0.093769651861 -2.74416360142 2.745765215558 0 0.975360155106 8 -7 10.630145812735 0 -0.30435487628 0 0 0 0 
60 92 -0.777367093257 -0.825530855445 1.133931563619 0 0.776298880577 -0.777367093257 -0.825530855445 1.133931563619 0 0.776298880577 0 0 0 0 
68 92 -0.238943862574 -1.033444080793 1.060707706009 0 0.987544357777 -0.238943862574 -1.033444080793 1.060707706009 0 0.987544357777 0 0 0 0 
76 92 -0.252491609205 -1.453038527438 1.474812860988 0 0.980245888233 -0.252491609205 -1.453038527438 1.474812860988 0 0.980245888233 0 0 0 0 
84 92 -0.137640236031 -1.483512879249 1.48988432352 0 0.982099354267 -0.137640236031 -1.483512879249 1.48988432352 0 0.982099354267 0 0 0 0 
92 92 -0.298681066674 -0.422484326863 0.517400604981 0 0.949169397354 -8 8 11.313708498985 0 0.860208570957 0 0 0 0 
100 92 0.742922274772 -0.32263004618 0.809952870882 0 0.957789599895 0.742922274772 -0.32263004618 0.809952870882 0 0.957789599895 0 0 0 0 
108 92 0.145081974385 -0.824835165841 0.83749736125 0 0.917527675629 -8 3 8.544003745318 0 0.884436786175 0 0 0 0 
116 92 -2.325278383582 0.746042675451 2.442027689185 0 0.830880105495 5 -8 9.433981132057 0 0.638364970684 0 0 0 0 
124 92 0.100513988071 0.217118485958 0.239256136269 0 0.994227170944 0.100513988071 0.217118485958 0.239256136269 0 0.994227170944 0 0 0 0 
132 92 -0.17038375914 -0.432517379866 0.464867625529 0 0.994924902916 -0.17038375914 -0.432517379866 0.464867625529 0 0.994924902916 0 0 0 0 
140 92 -0.120265128099 -1.035336115364 1.042297737124 0 0.996065497398 -3 8 8.544003745318 0 0.964504122734 0 0 0 0 
148 92 0 0 0 0 0 0 0 0 0 0 0 0 0 0 
156 92 0 0 0 0 0 0 0 0 0 0 0 0 0 0 
12 100 0 0 0 0 0 0 0 0 0 0 0 0 0 0 
20 100 0 0 0 0 0 0 0 0 0 0 0 0 0 0 
28 100 0 0 0 0 0 0 0 0 0 0 0 0 0 0 
36 100 4.017798142335 5.839308711259 7.08803415186 0 0.999216496944 0.033701864717 -3.887410121386 3.887556207638 0 0.999107599258 0 0 0 0 
44 100 -0.093511254204 -3.719180717737 3.720356107398 0 0.99675744772 -0.093511254204 -3.719180717737 3.720356107398 0 0.99675744772 0 0 0 0 
52 100 1.080661159533 -1.208918644675 1.621515596955 0 0.991177856922 1.080661159533 -1.208918644675 1.621515596955 0 0.991177856922 0 0 0 0 
60 100 0.972836430426 -1.664180226597 1.927668681844 0 0.856775403023 0.972836430426 -1.664180226597 1.927668681844 0 0.856775403023 0 0 0 0 
68 100 -1.429778121895 -1.195747763987 1.863887923919 0 0.934600174427 -1.429778121895 -1.195747763987 1.863887923919 0 0.934600174427 0 0 0 0 
76 100 -0.993782535698 -1.1340763725 1.507890230395 0 0.93511146307 8 4 8.944271909999 0 0.494852662086 0 0 0 0 
84 100 0.512374552526 -1.62222882545 1.701221338979 0 0.922512054443 2 8 8.246211251235 0 0.758697211742 0 0 0 0 
92 100 0.178863549835 -1.567389844502 1.577562389926 0 0.942512214184 -8 8 11.313708498985 0 0.875400662422 0 0 0 0 
100 100 8 -3 8.544003745318 0 0.870089530945 -8 8 11.313708498985 0 0.744144558907 0 0 0 0 
108 100 -0.295050655265 0.679801207685 0.741069882766 0 0.682148456573 5.961667371288 -2.845425608814 6.60590075169 0 0.632163047791 0 0 0 0 
116 100 0.659687024782 0.913563269966 1.126847291738 0 0.924174726009 5 -8 9.433981132057 0 0.811964809895 0 0 0 0 
124 100 0.019225592311 1.087904356768 1.088074222135 0 0.997239649296 0.019225592311 1.087904356768 1.088074222135 0 0.997239649296 0 0 0 0 
132 100 -0.109480459637 0.787091364405 0.794668979489 0 0.996326327324 -0.109480459637 0.787091364405 0.794668979489 0 0.996326327324 0 0 0 0 
140 100 -0.497840790231 0.072582650411 0.50310405838 0 0.999016284943 4 -8 8.944271909999 0 0.924461781979 0 0 0 0 
148 100 0 0 0 0 0 0 0 0 0 0 0 0 0 0 
156 100 0 0 0 0 0 0 0 0 0 0 0 0 0 0 
12 108 0 0 0 0 0 0 0 0 0 0 0 0 0 0 
20 108 0 0 0 0 0 0 0 0 0 0 0 0 0 0 
28 108 0 0 0 0 0 0 0 0 0 0 0 0 0 0 
36 108 4 8 8.944271909999 0 1 0.497794474082 -4.21395436776 4.243254735694 0 1 0 0 0 0 
44 108 -2 -8 8.246211251235 0 0.995276033878 -2 -8 8.246211251235 0 0.995276033878 0 0 0 0 
52 108 -1.032886347831 -4.733802415971 4.84517693392 0 0.990176439285 -1.032886347831 -4.733802415971 4.84517693392 0 0.990176439285 0 0 0 0 
60 108 0.112990421338 -3.198570126916 3.200565214476 0 0.950427293777 0.112990421338 -3.198570126916 3.200565214476 0 0.950427293777 0 0 0 0 
68 108 -0.721184812458 -2.940542086027 3.027688110327 0 0.923656284809 -0.721184812458 -2.940542086027 3.027688110327 0 0.923656284809 0 0 0 0 
76 108 -0.570443723227 -1.908736778065 1.992155146896 0 0.947078943253 -0.570443723227 -1.908736778065 1.992155146896 0 0.947078943253 0 0 0 0 
84 108 -0.093835715751 -1.358540080696 1.361776887896 0 0.967924654484 8 -8 11.313708498985 0 0.716430127621 0 0 0 0 
92 108 -0.564678291456 -1.435177272339 1.542269553574 0 0.920146882534 8 -8 11.313708498985 0 0.478029072285 0 0 0 0 
100 108 0.251906879351 -0.763107504107 0.803610688511 0 0.71533882618 -8 -8 11.313708498985 0 0.411542773247 0 0 0 0 
108 108 1.162523280302 0.097594544046 1.166612648771 0 0.903640210629 -8 -8 11.313708498985 0 0.696901142597 0 0 0 0 
116 108 0.391009882473 1.439735091675 1.491886678804 0 0.975919544697 -8 -8 11.313708498985 0 -0.093771837652 0 0 0 0 
124 108 0.030589638353 2.015839921135 2.016072001099 0 0.996893763542 0.030589638353 2.015839921135 2.016072001099 0 0.996893763542 0 0 0 0 
132 108 -0.105254206127 0.949113506656 0.954931880515 0 0.993640303612 -0.105254206127 0.949113506656 0.954931880515 0 0.993640303612 0 0 0 0 
140 108 0 0 0 0 0 0 0 0 0 0 0 0 0 0 
148 108 0 0 0 0 0 0 0 0 0 0 0 0 0 0 
156 108 0 0 0 0 0 0 0 0 0 0 0 0 0 0 
12 116 0 0 0 0 0 0 0 0 0 0 0 0 0 0 
20 116 0 0 0 0 0 0 0 0 0 0 0 0 0 0 
28 116 0 0 0 0 0 0 0 0 0 0 0 0 0 0 
36 116 0 0 0 0 0 0 0 0 0 0 0 0 0 0 
44 116 0.094438232838 -1.76805643002 1.770576775957 0 0.994729697704 -3 -8 8.544003745318 0 0.97841823101 0 0 0 0 
52 116 0.103889901986 -3.187965906467 3.189658246981 0 0.987507104874 0.103889901986 -3.187965906467 3.189658246981 0 0.987507104874 0 0 0 0 
60 116 2.277406156808 -1.041864972224 2.504408397888 0 0.961175203323 2.277406156808 -1.041864972224 2.504408397888 0 0.961175203323 0 0 0 0 
68 116 0.269601494778 -0.766266890686 0.812311463509 0 0.975737035275 0.269601494778 -0.766266890686 0.812311463509 0 0.975737035275 0 0 0 0 
76 116 0.109693361626 -1.006551571894 1.01251108659 0 0.977645754814 0.109693361626 -1.006551571894 1.01251108659 0 0.977645754814 0 0 0 0 
84 116 -0.566596913607 -1.262292035678 1.383623231174 0 0.962726593018 -0.566596913607 -1.262292035678 1.383623231174 0 0.962726593018 0 0 0 0 
92 116 -0.864839160812 -1.064789139591 1.371758975136 0 0.923076629639 -0.864839160812 -1.064789139591 1.371758975136 0 0.923076629639 0 0 0 0 
100 116 -0.0057659499 -0.18925076948 0.189338585415 0 0.885883033276 -0.0057659499 -0.18925076948 0.189338585415 0 0.885883033276 0 0 0 0 
108 116 0.72331556872 -0.477080654578 0.866482176923 0 0.920517027378 0.72331556872 -0.477080654578 0.866482176923 0 0.920517027378 0 0 0 0 
116 116 0.880560553865 0.272015435548 0.921617754929 0 0.987440884113 0.880560553865 0.272015435548 0.921617754929 0 0.987440884113 0 0 0 0 
124 116 0.566415728137 0.531377335599 0.776652206505 0 0.99179148674 4 -8 8.944271909999 0 0.983014404774 0 0 0 0 
132 116 -0.162157416407 0.526147156265 0.550568667599 0 0.995293796062 2 -8 8.246211251235 0 0.977079808712 0 0 0 0 
140 116 0 0 0 0 0 0 0 0 0 0 0 0 0 0 
148 116 0 0 0 0 0 0 0 0 0 0 0 0 0 0 
156 116 0 0 0 0 0 0 0 0 0 0 0 0 0 0 
12 124 0 0 0 0 0 0 0 0 0 0 0 0 0 0 
20 124 0 0 0 0 0 0 0 0 0 0 0 0 0 0 
28 124 0 0 0 0 0 0 0 0 0 0 0 0 0 0 
36 124 0 0 0 0 0 0 0 0 0 0 0 0 0 0 
44 124 -2.014761183111 2.37607058072 3.115280730453 0 0.971254169941 3.422028889051 -1.604722572625 3.77960530381 0 0.928938090801 0 0 0 0 
52 124 1.524746949134 -1.175489268412 1.925260574324 0 0.97435182333 1.524746949134 -1.175489268412 1.925260574324 0 0.97435182333 0 0 0 0 
60 124 0.494233859175 0.033903534915 0.495395354475 0 0.98155683279 0.494233859175 0.033903534915 0.495395354475 0 0.98155683279 0 0 0 0 
68 124 0.710748929079 0.000441264143 0.710749066057 0 0.983412563801 0.710748929079 0.000441264143 0.710749066057 0 0.983412563801 0 0 0 0 
76 124 0.097878222363 -0.755303612906 0.761619126652 0 0.979270815849 0.097878222363 -0.755303612906 0.761619126652 0 0.979270815849 0 0 0 0 
84 124 -0.516798540873 -0.897562901939 1.035712264476 0 0.932045817375 -0.516798540873 -0.897562901939 1.035712264476 0 0.932045817375 0 0 0 0 
92 124 0.709450432988 0.435001857911 0.832193807507 0 0.94726318121 0.709450432988 0.435001857911 0.832193807507 0 0.94726318121 0 0 0 0 
100 124 0.659345976023 0.387961304135 0.765017051838 0 0.883708536625 0.659345976023 0.387961304135 0.765017051838 0 0.883708536625 0 0 0 0 
108 124 0.168128795313 -0.463352971779 0.492913043315 0 0.783543527126 0.168128795313 -0.463352971779 0.492913043315 0 0.783543527126 0 0 0 0 
116 124 0.682201020175 -0.339461091015 0.761992168097 0 0.989134788513 -8 6 10 0 0.594753801823 0 0 0 0 
124 124 0.542385014996 -0.179883018543 0.571436264909 0 0.991737186909 0.542385014996 -0.179883018543 0.571436264909 0 0.991737186909 0 0 0 0 
132 124 1.958101587696 3.935094217623 4.395353038074 0 0.99969625473 1.958101587696 3.935094217623 4.395353038074 0 0.99969625473 0 0 0 0 
140 124 0 0 0 0 0 0 0 0 0 0 0 0 0 0 
148 124 0 0 0 0 0 0 0 0 0 0 0 0 0 0 
156 124 0 0 0 0 0 0 0 0 0 0 0 0 0 0 
12 132 0 0 0 0 0 0 0 0 0 0 0 0 0 0 
20 132 0 0 0 0 0 0 0 0 0 0 0 0 0 0 
28 132 0 0 0 0 0 0 0 0 0 0 0 0 0 0 
36 132 0.062926229751 -0.03535303921 0.072177197036 0 0.999832570553 8 -7 10.630145812735 0 0.983899235725 0 0 0 0 
44 132 -1.832360469971 2.05406795597 2.752587884093 0 0.99689745903 -1.832360469971 2.05406795597 2.752587884093 0 0.99689745903 0 0 0 0 
52 132 -1.899551084506 2.031395945597 2.781162312854 0 0.997529029846 -1.899551084506 2.031395945597 2.781162312854 0 0.997529029846 0 0 0 0 
60 132 -0.65037129237 1.322748748301 1.473990186219 0 0.994088292122 -0.65037129237 1.322748748301 1.473990186219 0 0.994088292122 0 0 0 0 
68 132 0.637493564222 -0.038375317471 0.638647562757 0 0.954788208008 0.637493564222 -0.038375317471 0.638647562757 0 0.954788208008 0 0 0 0 
76 132 0.713743355049 -0.198370049168 0.740797039197 0 0.927870094776 0.713743355049 -0.198370049168 0.740797039197 0 0.927870094776 0 0 0 0 
84 132 -0.768856859194 0.157069696509 0.784736745343 0 0.936970770359 -0.768856859194 0.157069696509 0.784736745343 0 0.936970770359 0 0 0 0 
92 132 0.540943505375 0.222810249526 0.585033574508 0 0.931729435921 0.540943505375 0.222810249526 0.585033574508 0 0.931729435921 0 0 0 0 
100 132 0.559260699483 0.171270990172 0.584898522875 0 0.875979244709 0.559260699483 0.171270990172 0.584898522875 0 0.875979244709 0 0 0 0 
108 132 0.283753107232 -0.362713632431 0.460518191839 0 0.871937870979 8 -8 11.313708498985 0 0.617394983768 0 0 0 0 
116 132 3.062290616616 5.923698040093 6.66841977464 0 0.97875970602 -8 8 11.313708498985 0 0.188807040453 0 0 0 0 
124 132 2.838721176223 6.460623554445 7.056769418693 0 0.994497776031 2.838721176223 6.460623554445 7.056769418693 0 0.994497776031 0 0 0 0 
132 132 -0.739141239045 -2.466273612599 2.574652462656 0 0.995283484459 -0.739141239045 -2.466273612599 2.574652462656 0 0.995283484459 0 0 0 0 
140 132 0 0 0 0 0 0 0 0 0 0 0 0 0 0 
148 132 0 0 0 0 0 0 0 0 0 0 0 0 0 0 
156 132 0 0 0 0 0 0 0 0 0 0 0 0 0 0 
12 140 0 0 0 0 0 0 0 0 0 0 0 0 0 0 
20 140 0 0 0 0 0 0 0 0 0 0 0 0 0 0 
28 140 0 0 0 0 0 0 0 0 0 0 0 0 0 0 
36 140 2.0834039068 -2.822213857044 3.507914322466 0 0.995847821236 2.0834039068 -2.822213857044 3.507914322466 0 0.995847821236 0 0 0 0 
44 140 0.282602075364 0.187974651029 0.339408901518 0 0.991201996803 0.282602075364 0.187974651029 0.339408901518 0 0.991201996803 0 0 0 0 
52 140 -0.755749276392 1.053793564285 1.296779798153 0 0.991790413857 -0.755749276392 1.053793564285 1.296779798153 0 0.991790413857 0 0 0 0 
60 140 -1.248407817278 0.788993814932 1.476832190279 0 0.966051518917 -1.248407817278 0.788993814932 1.476832190279 0 0.966051518917 0 0 0 0 
68 140 -1.027566466754 -1.092738070882 1.499989778349 0 0.933809280396 -1.027566466754 -1.092738070882 1.499989778349 0 0.933809280396 0 0 0 0 
76 140 -0.812007917273 -0.616984127966 1.019816783484 0 0.954383194447 -0.812007917273 -0.616984127966 1.019816783484 0 0.954383194447 0 0 0 0 
84 140 -1.75930425156 -0.617520892558 1.864533052082 0 0.975910604 -1.75930425156 -0.617520892558 1.864533052082 0 0.975910604 0 0 0 0 
92 140 0.394790755163 -0.229206332317 0.456503322153 0 0.973984360695 0.394790755163 -0.229206332317 0.456503322153 0 0.973984360695 0 0 0 0 
100 140 0.94864226968 0.120606454417 0.956278240195 0 0.960686564445 0.94864226968 0.120606454417 0.956278240195 0 0.960686564445 0 0 0 0 
108 140 0.39410552082 -0.074014555041 0.400995406331 0 0.932506799698 0.39410552082 -0.074014555041 0.400995406331 0 0.932506799698 0 0 0 0 
116 140 0.709013293765 1.302504499674 1.482976001965 0 0.899407327175 0.709013293765 1.302504499674 1.482976001965 0 0.899407327175 0 0 0 0 
124 140 2.088039523581 4.796269142504 5.23107128028 0 0.992722570896 2.088039523581 4.796269142504 5.23107128028 0 0.992722570896 0 0 0 0 
132 140 2.113324741306 4.795330118082 5.24035613328 0 0.995320081711 -3.057120649523 -6.792111649699 7.448407032898 0 0.993710398674 0 0 0 0 
140 140 1.501560270986 7.175684095341 7.331106702506 0 0.970783650875 -4 -8 8.944271909999 0 0.920346975327 0 0 0 0 
148 140 0 0 0 0 0 0 0 0 0 0 0 0 0 0 
156 140 0 0 0 0 0 0 0 0 0 0 0 0 0 0 
12 148 0 0 0 0 0 0 0 0 0 0 0 0 0 0 
20 148 0 0 0 0 0 0 0 0 0 0 0 0 0 0 
28 148 0 0 0 0 0 0 0 0 0 0 0 0 0 0 
36 148 1.116928720316 -1.362188810879 1.761558435804 0 0.983440160751 0 8 8 0 0.932606339455 0 0 0 0 
44 148 0.745452722057 -1.373095552018 1.562399166601 0 0.990256309509 0.745452722057 -1.373095552018 1.562399166601 0 0.990256309509 0 0 0 0 
52 148 -0.170382500373 -0.423840611178 0.456805275929 0 0.945127248764 5 8 9.433981132057 0 0.138898774981 0 0 0 0 
60 148 0.274246088397 -1.25476645286 1.284386923098 0 0.935524821281 -8 8 11.313708498985 0 -0.207405894995 0 0 0 0 
68 148 -0.903337003674 -1.304449117792 1.586696329836 0 0.941116571426 -0.903337003674 -1.304449117792 1.586696329836 0 0.941116571426 0 0 0 0 
76 148 -0.724175887495 -0.636513667622 0.964147480989 0 0.950707733631 -0.724175887495 -0.636513667622 0.964147480989 0 0.950707733631 0 0 0 0 
84 148 2.281223554178 -0.071358693725 2.28233936287 0 0.917175590992 2.281223554178 -0.071358693725 2.28233936287 0 0.917175590992 0 0 0 0 
92 148 1.897976709581 1.188555418 2.239415006596 0 0.965548932552 1.897976709581 1.188555418 2.239415006596 0 0.965548932552 0 0 0 0 
100 148 1.962861827741 2.123888326312 2.892011095664 0 0.888039767742 1.962861827741 2.123888326312 2.892011095664 0 0.888039767742 0 0 0 0 
108 148 -0.290405336614 1.453742662209 1.482465172428 0 0.96702426672 -0.290405336614 1.453742662209 1.482465172428 0 0.96702426672 0 0 0 0 
116 148 -1.093016866656 0.988469291732 1.47368836987 0 0.924844026566 8 -4 8.944271909999 0 0.260309129953 0 0 0 0 
124 148 0.852426656599 1.482919874074 1.710462673607 0 0.975194275379 0.852426656599 1.482919874074 1.710462673607 0 0.975194275379 0 0 0 0 
132 148 0.884575593391 2.058997404366 2.240969498143 0 0.990936875343 0.884575593391 2.058997404366 2.240969498143 0 0.990936875343 0 0 0 0 
140 148 0.018695613332 -1.787028972354 1.787126764947 0 0.998378872871 -2 -8 8.246211251235 0 0.997738480568 0 0 0 0 
148 148 0 0 0 0 0 0 0 0 0 0 0 0 0 0 
156 148 0 0 0 0 0 0 0 0 0 0 0 0 0 0 
12 156 0 0 0 0 0 0 0 0 0 0 0 0 0 0 
20 156 0 0 0 0 0 0 0 0 0 0 0 0 0 0 
28 156 0 0 0 0 0 0 0 0 0 0 0 0 0 0 
36 156 0.574830381816 -1.107656844993 1.247931750585 0 0.919389307499 0.574830381816 -1.107656844993 1.247931750585 0 0.919389307499 0 0 0 0 
44 156 -0.081972117501 -0.480212388436 0.487158460929 0 0.961666882038 -0.081972117501 -0.480212388436 0.487158460929 0 0.961666882038 0 0 0 0 
52 156 0.217366214651 -0.061126986172 0.225797652136 0 0.823603391647 0.217366214651 -0.061126986172 0.225797652136 0 0.823603391647 0 0 0 0 
60 156 0.989634716241 -0.97976743473 1.392595094687 0 0.959478795528 -8 8 11.313708498985 0 0.205706238747 0 0 0 0 
68 156 -0.658144674459 -1.327392089813 1.481595144639 0 0.962922036648 -0.658144674459 -1.327392089813 1.481595144639 0 0.962922036648 0 0 0 0 
76 156 -0.842245022475 -0.507977319775 0.983573909419 0 0.944964468479 8 1 8.062257748299 0 -0.090925984085 0 0 0 0 
84 156 1.903021621208 0.171624585015 1.910744956546 0 0.880570113659 -8 -5 9.433981132057 0 0.265531659126 0 0 0 0 
92 156 2.804758032376 0.975619133633 2.969595984994 0 0.972127377987 2.804758032376 0.975619133633 2.969595984994 0 0.972127377987 0 0 0 0 
100 156 2.049227317786 2.581206714718 3.295748883648 0 0.849096775055 5 8 9.433981132057 0 0.846186697483 0 0 0 0 
108 156 0.320326275275 1.593221540321 1.625104242557 0 0.98049890995 0.320326275275 1.593221540321 1.625104242557 0 0.98049890995 0 0 0 0 
116 156 -0.88430249638 1.842965831644 2.044141375177 0 0.935961067677 -0.88430249638 1.842965831644 2.044141375177 0 0.935961067677 0 0 0 0 
124 156 0.160511127704 -1.390434975948 1.399668976743 0 0.933917045593 -6.478973011221 -0.432432726841 6.493388125114 0 0.429656416178 0 0 0 0 
132 156 -0.821340774276 -5.060922256662 5.127137091542 0 0.990860939026 -0.821340774276 -5.060922256662 5.127137091542 0 0.990860939026 0 0 0 0 
140 156 -2 -8 8.246211251235 0 0.962732851505 0.554409077225 6.950236234115 6.972313327363 0 0.934261977673 0 0 0 0 
148 156 0 0 0 0 0 0 0 0 0 0 0 0 0 0 
156 156 0 0 0 0 0 0 0 0 0 0 0 0 0 0 
12 164 0 0 0 0 0 0 0 0 0 0 0 0 0 0 
20 164 0 0 0 0 0 0 0 0 0 0 0 0 0 0 
28 164 0 0 0 0 0 0 0 0 0 0 0 0 0 0 
36 164 -1.05410731962 -1.182229884839 1.583922265101 0 0.986774921417 -1.05410731962 -1.182229884839 1.583922265101 0 0.986774921417 0 0 0 0 
44 164 -0.882566708636 -1.465235913268 1.710508777155 0 0.992779374123 -0.882566708636 -1.465235913268 1.710508777155 0 0.992779374123 0 0 0 0 
52 164 0.220733034095 -0.16032338781 0.272812501582 0 0.989185571671 0.220733034095 -0.16032338781 0.272812501582 0 0.989185571671 0 0 0 0 
60 164 1.430157975733 -2.23959858492 2.657283134543 0 0.877090334892 -8 1 8.062257748299 0 0.402907133102 0 0 0 0 
68 164 -0.479584098226 -3.003830223088 3.041873915272 0 0.927664518356 6 8 10 0 0.695914626122 0 0 0 0 
76 164 -0.784271062049 -1.826935468655 1.988158521194 0 0.835619866848 3 8 8.544003745318 0 0.349310100079 0 0 0 0 
84 164 0.903131969666 1.613478406203 1.849042974599 0 0.825201690197 -8 -2 8.246211251235 0 0.035054918379 0 0 0 0 
92 164 1.045374127637 1.859358885421 2.133078182235 0 0.930999100208 1.045374127637 1.859358885421 2.133078182235 0 0.930999100208 0 0 0 0 
100 164 1.941179040063 2.034282001126 2.811846248586 0 0.942197680473 1.941179040063 2.034282001126 2.811846248586 0 0.942197680473 0 0 0 0 
108 164 1.221428648735 2.532283797807 2.811467441851 0 0.911387383938 1.221428648735 2.532283797807 2.811467441851 0 0.911387383938 0 0 0 0 
116 164 0.223770228032 1.539187030284 1.555368068705 0 0.860891640186 0.223770228032 1.539187030284 1.555368068705 0 0.860891640186 0 0 0 0 
124 164 -0.588523387149 2.765133613282 2.827069803971 0 0.880205869675 -8 -5 9.433981132057 0 0.478148400784 0 0 0 0 
132 164 -0.601526172944 3.090775598463 3.148766033988 0 0.991681158543 -1 -8 8.062257748299 0 0.988068282604 0 0 0 0 
140 164 -0.493946027063 3.202356068196 3.240226391035 0 0.97578805685 -2 -8 8.246211251235 0 0.963925123215 0 0 0 0 
148 164 0 0 0 0 0 0 0 0 0 0 0 0 0 0 
156 164 0 0 0 0 0 0 0 0 0 0 0 0 0 0 
12 172 0 0 0 0 0 0 0 0 0 0 0 0 0 0 
20 172 0 0 0 0 0 0 0 0 0 0 0 0 0 0 
28 172 0 0 0 0 0 0 0 0 0 0 0 0 0 0 
36 172 5.87052105613 6.111250015633 8.474101381506 0 0.999387919903 5.87052105613 6.111250015633 8.474101381506 0 0.999387919903 0 0 0 0 
44 172 6.571390060308 7.491568146409 9.965277749115 0 0.995073974133 6.571390060308 7.491568146409 9.965277749115 0 0.995073974133 0 0 0 0 
52 172 -3.131188801821 -3.768288729858 4.899422748062 0 0.993456602097 -3.131188801821 -3.768288729858 4.899422748062 0 0.993456602097 0 0 0 0 
60 172 -2.163003190901 -2.849772713904 3.577679041608 0 0.983548879623 8 -8 11.313708498985 0 0.0926123932 0 0 0 0 
68 172 -3.10969659357 -4.336368377402 5.336131895726 0 0.578959941864 -8 8 11.313708498985 0 -0.448309659958 0 0 0 0 
76 172 2.727469571002 2.253041253547 3.537694892289 0 0.833801329136 -8 -8 11.313708498985 0 0.635311067104 0 0 0 0 
84 172 -0.023216234427 0.44434542655 0.444951516052 0 0.905749857426 -0.023216234427 0.44434542655 0.444951516052 0 0.905749857426 0 0 0 0 
92 172 -0.482130372637 0.907037860657 1.02721340377 0 0.842981755733 -0.482130372637 0.907037860657 1.02721340377 0 0.842981755733 0 0 0 0 
100 172 1.00742795289 1.969859402988 2.212522801646 0 0.938502788544 1.00742795289 1.969859402988 2.212522801646 0 0.938502788544 0 0 0 0 
108 172 1.223559264102 1.618751215668 2.029150751176 0 0.835552036762 -8 -3 8.544003745318 0 0.688247442245 0 0 0 0 
116 172 -8 -3 8.544003745318 0 0.663323938847 -0.769504608914 -0.76101995542 1.082260927728 0 0.396190017462 0 0 0 0 
124 172 -0.169127918673 0.27441244567 0.322345223655 0 0.92603379488 -8 5 9.433981132057 0 0.872747302055 0 0 0 0 
132 172 -0.546309821847 1.097701002158 1.226132909429 0 0.977483510971 -0.546309821847 1.097701002158 1.226132909429 0 0.977483510971 0 0 0 0 
140 172 -0.870929620004 2.917983042514 3.045183646252 0 0.986510932446 -0.870929620004 2.917983042514 3.045183646252 0 0.986510932446 0 0 0 0 
148 172 0 0 0 0 0 0 0 0 0 0 0 0 0 0 
156 172 0 0 0 0 0 0 0 0 0 0 0 0 0 0 
12 180 0 0 0 0 0 0 0 0 0 0 0 0 0 0 
20 180 0 0 0 0 0 0 0 0 0 0 0 0 0 0 
28 180 0 0 0 0 0 0 0 0 0 0 0 0 0 0 
36 180 0 0 0 0 0 0 0 0 0 0 0 0 0 0 
44 180 0.0485637866 0.04583308246 0.066776588837 0 0.999391376972 6.379037041951 6.858816184321 9.366721573362 0 0.989526987076 0 0 0 0 
52 180 -3.172796748591 -3.776693123571 4.932550066396 0 0.994842290878 -3.172796748591 -3.776693123571 4.932550066396 0 0.994842290878 0 0 0 0 
60 180 -1.193609846339 -1.824845598606 2.180542575605 0 0.99490582943 -1.193609846339 -1.824845598606 2.180542575605 0 0.99490582943 0 0 0 0 
68 180 6.082989189719 4.688125637987 7.679927049119 0 0.963361918926 -4.794084104551 -5.247532431393 7.107730933289 0 0.950292408466 0 0 0 0 
76 180 3.070975790288 4.853766869067 5.743687415223 0 0.912448823452 -8 -5 9.433981132057 0 0.821234822273 0 0 0 0 
84 180 -1.635517161254 2.049296349458 2.621932858152 0 0.964331924915 -8 -8 11.313708498985 0 0.745240926743 0 0 0 0 
92 180 -0.924142307711 2.037771247845 2.237532270928 0 0.918544769287 -8 -8 11.313708498985 0 -0.143828183413 0 0 0 0 
100 180 -0.649054439577 2.558014287355 2.639073466171 0 0.923210203648 8 8 11.313708498985 0 0.217701196671 0 0 0 0 
108 180 0.933150741241 -0.079255737246 0.936510425871 0 0.934176445007 -8 -8 11.313708498985 0 0.457408607006 0 0 0 0 
116 180 -6.998593678435 4.207692236211 8.166087645287 0 0.961527049541 -6.998593678435 4.207692236211 8.166087645287 0 0.961527049541 0 0 0 0 
124 180 -8 5 9.433981132057 0 0.977486371994 2.037687360628 -3.070490457726 3.68511620314 0 0.970355212688 0 0 0 0 
132 180 1.274595923293 -1.803613906906 2.208532973007 0 0.993894219398 -8 7 10.630145812735 0 0.910463988781 0 0 0 0 
140 180 -2.169402913181 3.599310516423 4.202540326202 0 0.997412800789 -2.169402913181 3.599310516423 4.202540326202 0 0.997412800789 0 0 0 0 
148 180 0 0 0 0 0 0 0 0 0 0 0 0 0 0 
156 180 0 0 0 0 0 0 0 0 0 0 0 0 0 0 
12 188 0 0 0 0 0 0 0 0 0 0 0 0 0 0 
20 188 0 0 0 0 0 0 0 0 0 0 0 0 0 0 
28 188 0 0 0 0 0 0 0 0 0 0 0 0 0 0 
36 188 0 0 0 0 0 0 0 0 0 0 0 0 0 0 
44 188 0 0 0 0 0 0 0 0 0 0 0 0 0 0 
52 188 8 6 10 0 0.999500751495 8 6 10 0 0.999500751495 0 0 0 0 
60 188 -4.879024349571 -5.247576233576 7.165328668729 0 0.99350631237 -4.879024349571 -5.247576233576 7.165328668729 0 0.99350631237 0 0 0 0 
68 188 5.397903947981 3.989598130481 6.712247036154 0 0.989616274834 7 -8 10.630145812735 0 0.591128051281 0 0 0 0 
76 188 -0.599804241959 1.901461138312 1.993820350278 0 0.985413849354 -1 -8 8.062257748299 0 0.605308294296 0 0 0 0 
84 188 1.656117112375 2.293681530045 2.82908091987 0 0.990912556648 5.728425914248 -6.982309560997 9.031473316166 0 0.841596961021 0 0 0 0 
92 188 2.943429231618 2.301930085983 3.736663988412 0 0.991957068443 -1.599096418241 -7.018876707739 7.198731804511 0 0.827193200588 0 0 0 0 
100 188 -8 2 8.246211251235 0 0.952001035213 -8 -7 10.630145812735 0 0.725327908993 0 0 0 0 
108 188 -0.136890267163 0.327864946214 0.355294762415 0 0.993338823318 -8 -8 11.313708498985 0 0.392420828342 0 0 0 0 
116 188 6.030438254594 -5.066377648206 7.876189942904 0 0.985594213009 -5.646584746794 3.207805620792 6.494146302903 0 0.980044007301 0 0 0 0 
124 188 4.830954097249 -5.387135633944 7.235975941657 0 0.987880289555 -8 4 8.944271909999 0 0.986582517624 0 0 0 0 
132 188 2.707344603519 -3.426600349364 4.367070500514 0 0.993114948273 -4.730156655283 1.989425198115 5.131490485465 0 0.990922093391 0 0 0 0 
140 188 0 0 0 0 0 0 0 0 0 0 0 0 0 0 
148 188 0 0 0 0 0 0 0 0 0 0 0 0 0 0 
156 188 0 0 0 0 0 0 0 0 0 0 0 0 0 0 
12 196 0 0 0 0 0 0 0 0 0 0 0 0 0 0 
20 196 0 0 0 0 0 0 0 0 0 0 0 0 0 0 
28 196 0 0 0 0 0 0 0 0 0 0 0 0 0 0 
36 196 0 0 0 0 0 0 0 0 0 0 0 0 0 0 
44 196 0 0 0 0 0 0 0 0 0 0 0 0 0 0 
52 196 0 0 0 0 0 0 0 0 0 0 0 0 0 0 
60 196 8 4 8.944271909999 0 0.996983349323 -6.221363814595 -6.093888868323 8.708665182049 0 0.959553003311 0 0 0 0 
68 196 5.577924471032 3.730938945031 6.710674095506 0 0.955673396587 5.577924471032 3.730938945031 6.710674095506 0 0.955673396587 0 0 0 0 
76 196 -5.337004760919 0.272607778348 5.343962464211 0 0.985502481461 -5.337004760919 0.272607778348 5.343962464211 0 0.985502481461 0 0 0 0 
84 196 2.527401854515 2.332271729606 3.4390771371 0 0.99597454071 5 -8 9.433981132057 0 0.539511263371 0 0 0 0 
92 196 3.061531432707 2.229900552357 3.78753629512 0 0.995023131371 -2 -8 8.246211251235 0 0.548819959164 0 0 0 0 
100 196 -8 2 8.246211251235 0 0.966601073742 -8 2 8.246211251235 0 0.966601073742 0 0 0 0 
108 196 -0.314855311299 0.140058742215 0.344601680675 0 0.995655417442 -0.314855311299 0.140058742215 0.344601680675 0 0.995655417442 0 0 0 0 
116 196 0.078749145472 0.082405614019 0.113982951069 0 0.999377250671 0.078749145472 0.082405614019 0.113982951069 0 0.999377250671 0 0 0 0 
124 196 1.903736742226 -2.173510828649 2.889353371596 0 0.989999115467 -6.12078625854 3.804226166103 7.206674763412 0 0.989632427692 0 0 0 0 
132 196 0 0 0 0 0 0 0 0 0 0 0 0 0 0 
140 196 0 0 0 0 0 0 0 0 0 0 0 0 0 0 
148 196 0 0 0 0 0 0 0 0 0 0 0 0 0 0 
156 196 0 0 0 0 0 0 0 0 0 0 0 0 0 0 
12 204 0 0 0 0 0 0 0 0 0 0 0 0 0 0 
20 204 0 0 0 0 0 0 0 0 0 0 0 0 0 0 
28 204 0 0 0 0 0 0 0 0 0 0 0 0 0 0 
36 204 0 0 0 0 0 0 0 0 0 0 0 0 0 0 
44 204 0 0 0 0 0 0 0 0 0 0 0 0 0 0 
52 204 0 0 0 0 0 0 0 0 0 0 0 0 0 0 
60 204 0 0 0 0 0 0 0 0 0 0 0 0 0 0 
68 204 0 0 0 0 0 0 0 0 0 0 0 0 0 0 
76 204 0 0 0 0 0 0 0 0 0 0 0 0 0 0 
84 204 2.839498699369 1.704410928791 3.311762291878 0 0.986009120941 -8 0 8 0 0.8675121665 0 0 0 0 
92 204 2.912107796064 1.507364692219 3.279103556042 0 0.918403446674 -8 -2 8.246211251235 0 0.49313172698 0 0 0 0 
100 204 -8 -1 8.062257748299 0 0.593187212944 1.468932004587 -2.469522985486 2.873378675 0 0.509142279625 0 0 0 0 
108 204 0.081271491066 0.157702346572 0.177412190603 0 0.987207472324 8 -7 10.630145812735 0 0.62883991003 0 0 0 0 
116 204 -0.491377229375 -0.325100188714 0.589187333749 0 0.989893972874 5.508622770625 -4.325100188714 7.003671642179 0 0.989893972874 0 0 0 0 
124 204 0 0 0 0 0 0 0 0 0 0 0 0 0 0 
132 204 0 0 0 0 0 0 0 0 0 0 0 0 0 0 
140 204 0 0 0 0 0 0 0 0 0 0 0 0 0 0 
148 204 0 0 0 0 0 0 0 0 0 0 0 0 0 0 
156 204 0 0 0 0 0 0 0 0 0 0 0 0 0 0 
12 212 0 0 0 0 0 0 0 0 0 0 0 0 0 0 
20 212 0 0 0 0 0 0 0 0 0 0 0 0 0 0 
28 212 0 0 0 0 0 0 0 0 0 0 0 0 0 0 
36 212 0 0 0 0 0 0 0 0 0 0 0 0 0 0 
44 212 0 0 0 0 0 0 0 0 0 0 0 0 0 0 
52 212 0 0 0 0 0 0 0 0 0 0 0 0 0 0 
60 212 0 0 0 0 0 0 0 0 0 0 0 0 0 0 
68 212 0 0 0 0 0 0 0 0 0 0 0 0 0 0 
76 212 0 0 0 0 0 0 0 0 0 0 0 0 0 0 
84 212 0 0 0 0 0 0 0 0 0 0 0 0 0 0 
92 212 0 0 0 0 0 0 0 0 0 0 0 0 0 0 
100 212 0 0 0 0 0 0 0 0 0 0 0 0 0 0 
108 212 0 0 0 0 0 0 0 0 0 0 0 0 0 0 
116 212 0 0 0 0 0 0 0 0 0 0 0 0 0 0 
124 212 0 0 0 0 0 0 0 0 0 0 0 0 0 0 
132 212 0 0 0 0 0 0 0 0 0 0 0 0 0 0 
140 212 0 0 0 0 0 0 0 0 0 0 0 0 0 0 
148 212 0 0 0 0 0 0 0 0 0 0 0 0 0 0 
156 212 0 0 0 0 0 0 0 0 0 0 0 0 0 0 
12 220 0 0 0 0 0 0 0 0 0 0 0 0 0 0 
20 220 0 0 0 0 0 0 0 0 0 0 0 0 0 0 
28 220 0 0 0 0 0 0 0 0 0 0 0 0 0 0 
36 220 0 0 0 0 0 0 0 0 0 0 0 0 0 0 
44 220 0 0 0 0 0 0 0 0 0 0 0 0 0 0 
52 220 0 0 0 0 0 0 0 0 0 0 0 0 0 0 
60 220 0 0 0 0 0 0 0 0 0 0 0 0 0 0 
68 220 0 0 0 0 0 0 0 0 0 0 0 0 0 0 
76 220 0 0 0 0 0 0 0 0 0 0 0 0 0 0 
84 220 0 0 0 0 0 0 0 0 0 0 0 0 0 0 
92 220 0 0 0 0 0 0 0 0 0 0 0 0 0 0 
100 220 0 0 0 0 0 0 0 0 0 0 0 0 0 0 
108 220 0 0 0 0 0 0 0 0 0 0 0 0 0 0 
116 220 0 0 0 0 0 0 0 0 0 0 0 0 0 0 
124 220 0 0 0 0 0 0 0 0 0 0 0 0 0 0 
132 220 0 0 0 0 0 0 0 0 0 0 0 0 0 0 
140 220 0 0 0 0 0 0 0 0 0 0 0 0 0 0 
148 220 0 0 0 0 0 0 0 0 0 0 0 0 0 0 
156 220 0 0 0 0 0 0 0 0 0 0 0 0 0 0 
12 228 0 0 0 0 0 0 0 0 0 0 0 0 0 0 
20 228 0 0 0 0 0 0 0 0 0 0 0 0 0 0 
28 228 0 0 0 0 0 0 0 0 0 0 0 0 0 0 
36 228 0 0 0 0 0 0 0 0 0 0 0 0 0 0 
44 228 0 0 0 0 0 0 0 0 0 0 0 0 0 0 
52 228 0 0 0 0 0 0 0 0 0 0 0 0 0 0 
60 228 0 0 0 0 0 0 0 0 0 0 0 0 0 0 
68 228 0 0 0 0 0 0 0 0 0 0 0 0 0 0 
76 228 0 0 0 0 0 0 0 0 0 0 0 0 0 0 
84 228 0 0 0 0 0 0 0 0 0 0 0 0 0 0 
92 228 0 0 0 0 0 0 0 0 0 0 0 0 0 0 
100 228 0 0 0 0 0 0 0 0 0 0 0 0 0 0 
108 228 0 0 0 0 0 0 0 0 0 0 0 0 0 0 
116 228 0 0 0 0 0 0 0 0 0 0 0 0 0 0 
124 228 0 0 0 0 0 0 0 0 0 0 0 0 0 0 
132 228 0 0 0 0 0 0 0 0 0 0 0 0 0 0 
140 228 0 0 0 0 0 0 0 0 0 0 0 0 0 0 
148 228 0 0 0 0 0 0 0 0 0 0 0 0 0 0 
156 228 0 0 0 0 0 0 0 0 0 0 0 0 0 0 
