12 12 0 0 0 0 0 0 0 0 0 0 0 0 0 0 
20 12 0 0 0 0 0 0 0 0 0 0 0 0 0 0 
28 12 0 0 0 0 0 0 0 0 0 0 0 0 0 0 
36 12 0 0 0 0 0 0 0 0 0 0 0 0 0 0 
44 12 0 0 0 0 0 0 0 0 0 0 0 0 0 0 
52 12 0 0 0 0 0 0 0 0 0 0 0 0 0 0 
60 12 0 0 0 0 0 0 0 0 0 0 0 0 0 0 
68 12 0 0 0 0 0 0 0 0 0 0 0 0 0 0 
76 12 0 0 0 0 0 0 0 0 0 0 0 0 0 0 
84 12 0 0 0 0 0 0 0 0 0 0 0 0 0 0 
92 12 0 0 0 0 0 0 0 0 0 0 0 0 0 0 
100 12 0 0 0 0 0 0 0 0 0 0 0 0 0 0 
108 12 0 0 0 0 0 0 0 0 0 0 0 0 0 0 
116 12 0 0 0 0 0 0 0 0 0 0 0 0 0 0 
124 12 0 0 0 0 0 0 0 0 0 0 0 0 0 0 
132 12 0 0 0 0 0 0 0 0 0 0 0 0 0 0 
140 12 0 0 0 0 0 0 0 0 0 0 0 0 0 0 
148 12 0 0 0 0 0 0 0 0 0 0 0 0 0 0 
156 12 0 0 0 0 0 0 0 0 0 0 0 0 0 0 
12 20 0 0 0 0 0 0 0 0 0 0 0 0 0 0 
20 20 0 0 0 0 0 0 0 0 0 0 0 0 0 0 
28 20 0 0 0 0 0 0 0 0 0 0 0 0 0 0 
36 20 0 0 0 0 0 0 0 0 0 0 0 0 0 0 
44 20 0 0 0 0 0 0 0 0 0 0 0 0 0 0 
52 20 0 0 0 0 0 0 0 0 0 0 0 0 0 0 
60 20 0 0 0 0 0 0 0 0 0 0 0 0 0 0 
68 20 0 0 0 0 0 0 0 0 0 0 0 0 0 0 
76 20 0 0 0 0 0 0 0 0 0 0 0 0 0 0 
84 20 0 0 0 0 0 0 0 0 0 0 0 0 0 0 
92 20 0 0 0 0 0 0 0 0 0 0 0 0 0 0 
100 20 0 0 0 0 0 0 0 0 0 0 0 0 0 0 
108 20 0 0 0 0 0 0 0 0 0 0 0 0 0 0 
116 20 0 0 0 0 0 0 0 0 0 0 0 0 0 0 
124 20 0 0 0 0 0 0 0 0 0 0 0 0 0 0 
132 20 0 0 0 0 0 0 0 0 0 0 0 0 0 0 
140 20 0 0 0 0 0 0 0 0 0 0 0 0 0 0 
148 20 0 0 0 0 0 0 0 0 0 0 0 0 0 0 
156 20 0 0 0 0 0 0 0 0 0 0 0 0 0 0 
12 28 0 0 0 0 0 0 0 0 0 0 0 0 0 0 
20 28 0 0 0 0 0 0 0 0 0 0 0 0 0 0 
28 28 0 0 0 0 0 0 0 0 0 0 0 0 0 0 
36 28 0 0 0 0 0 0 0 0 0 0 0 0 0 0 
44 28 0 0 0 0 0 0 0 0 0 0 0 0 0 0 
52 28 0 0 0 0 0 0 0 0 0 0 0 0 0 0 
60 28 0 0 0 0 0 0 0 0 0 0 0 0 0 0 
68 28 0 0 0 0 0 0 0 0 0 0 0 0 0 0 
76 28 8 -2 8.246211251235 0 0.992581248283 0.929214735461 3.206600079694 3.338521243858 0 0.868547141552 0 0 0 0 
84 28 -6.153151320664 4.039718022288 7.360746760661 0 0.993946731091 8 -2 8.246211251235 0 0.976659059525 0 0 0 0 
92 28 5.797759713617 -0.358765090704 5.808849291137 0 0.973227679729 -3.840922692834 1.827037780776 4.25332272285 0 0.935445964336 0 0 0 0 
100 28 3.808007911311 0.183309561703 3.812417428354 0 0.892836868763 3.808007911311 0.183309561703 3.812417428354 0 0.892836868763 0 0 0 0 
108 28 1.119522095981 0.237871085665 1.144514035207 0 0.892844498158 1.119522095981 0.237871085665 1.144514035207 0 0.892844498158 0 0 0 0 
116 28 -1.118777478669 1.44689067129 1.828976670557 0 0.979727447033 -1.118777478669 1.44689067129 1.828976670557 0 0.979727447033 0 0 0 0 
124 28 -0.033269789978 1.991937458547 1.992215278951 0 0.99986821413 -0.033269789978 1.991937458547 1.992215278951 0 0.99986821413 0 0 0 0 
132 28 2.095203405239 4.008962329941 4.523456230827 0 0.999775528908 2.095203405239 4.008962329941 4.523456230827 0 0.999775528908 0 0 0 0 
140 28 0 0 0 0 0 0 0 0 0 0 0 0 0 0 
148 28 0 0 0 0 0 0 0 0 0 0 0 0 0 0 
156 28 0 0 0 0 0 0 0 0 0 0 0 0 0 0 
12 36 0 0 0 0 0 0 0 0 0 0 0 0 0 0 
20 36 0 0 0 0 0 0 0 0 0 0 0 0 0 0 
28 36 0 0 0 0 0 0 0 0 0 0 0 0 0 0 
36 36 0 0 0 0 0 0 0 0 0 0 0 0 0 0 
44 36 0 0 0 0 0 0 0 0 0 0 0 0 0 0 
52 36 0 0 0 0 0 0 0 0 0 0 0 0 0 0 
60 36 0 0 0 0 0 0 0 0 0 0 0 0 0 0 
68 36 -0.232325366309 2.60205623458 2.612407266057 0 0.997126400471 5.588312836636 -2.190274319104 6.002211421888 0 0.971980154514 0 0 0 0 
76 36 -1.961420944253 4.945946797215 5.320673062821 0 0.989643096924 -1.961420944253 4.945946797215 5.320673062821 0 0.989643096924 0 0 0 0 
84 36 7.031299528823 -1.075245246351 7.113039111647 0 0.989145576954 7.031299528823 -1.075245246351 7.113039111647 0 0.989145576954 0 0 0 0 
92 36 4.898961518712 -0.193526596962 4.902782526846 0 0.984688699245 4.898961518712 -0.193526596962 4.902782526846 0 0.984688699245 0 0 0 0 
100 36 2.953608828301 -0.347668007077 2.974000362099 0 0.98062556982 2.953608828301 -0.347668007077 2.974000362099 0 0.98062556982 0 0 0 0 
108 36 1.239484464632 -0.011967217726 1.239542235007 0 0.963578939438 1.239484464632 -0.011967217726 1.239542235007 0 0.963578939438 0 0 0 0 
116 36 -0.651247495299 1.520781967615 1.654358211862 0 0.980273544788 -0.651247495299 1.520781967615 1.654358211862 0 0.980273544788 0 0 0 0 
124 36 0.539832766139 2.315205988462 2.377309021647 0 0.988088726997 0.539832766139 2.315205988462 2.377309021647 0 0.988088726997 0 0 0 0 
132 36 -0.306335732869 0.400865127827 0.504514055245 0 0.98968142271 7 8 10.630145812735 0 0.97802066803 0 0 0 0 
140 36 -0.076663308354 0.070375566291 0.104067205106 0 1 3.807784639815 6.094332659413 7.186105650963 0 0.974518120289 0 0 0 0 
148 36 0 0 0 0 0 0 0 0 0 0 0 0 0 0 
156 36 0 0 0 0 0 0 0 0 0 0 0 0 0 0 
12 44 0 0 0 0 0 0 0 0 0 0 0 0 0 0 
20 44 0 0 0 0 0 0 0 0 0 0 0 0 0 0 
28 44 0 0 0 0 0 0 0 0 0 0 0 0 0 0 
36 44 0 0 0 0 0 0 0 0 0 0 0 0 0 0 
44 44 0 0 0 0 0 0 0 0 0 0 0 0 0 0 
52 44 0 0 0 0 0 0 0 0 0 0 0 0 0 0 
60 44 4.064867760686 -1.941837424593 4.504873194155 0 0.999902307987 -2.938830744334 3.061169255666 4.2435225174 0 0.998940289021 0 0 0 0 
68 44 3.288983594437 -0.779634703744 3.380124754466 0 0.995923340321 -7 8 10.630145812735 0 0.987463474274 0 0 0 0 
76 44 -0.138333114272 2.934080591344 2.937339777248 0 0.986313521862 -0.138333114272 2.934080591344 2.937339777248 0 0.986313521862 0 0 0 0 
84 44 6.685846361444 -0.99067917948 6.758845079264 0 0.961207687855 6.685846361444 -0.99067917948 6.758845079264 0 0.961207687855 0 0 0 0 
92 44 -0.732886406171 0.772910104126 1.065134974269 0 0.940283536911 -0.732886406171 0.772910104126 1.065134974269 0 0.940283536911 0 0 0 0 
100 44 2.06649302055 -0.983966622573 2.288795254783 0 0.892493367195 2.06649302055 -0.983966622573 2.288795254783 0 0.892493367195 0 0 0 0 
108 44 0.743412271459 -0.717369394637 1.03309276143 0 0.93681293726 8 8 11.313708498985 0 -0.005004245322 0 0 0 0 
116 44 0.14431211125 1.648611323975 1.654915491193 0 0.84916895628 0.14431211125 1.648611323975 1.654915491193 0 0.84916895628 0 0 0 0 
124 44 0.183337584681 0.592055746528 0.619792446673 0 0.986668467522 0.183337584681 0.592055746528 0.619792446673 0 0.986668467522 0 0 0 0 
132 44 0.182311878659 0.519843515559 0.550885561409 0 0.992806613445 0.182311878659 0.519843515559 0.550885561409 0 0.992806613445 0 0 0 0 
140 44 -4.199024687604 -3.692016857145 5.591314407235 0 0.992359340191 -4.199024687604 -3.692016857145 5.591314407235 0 0.992359340191 0 0 0 0 
148 44 0 0 0 0 0 0 0 0 0 0 0 0 0 0 
156 44 0 0 0 0 0 0 0 0 0 0 0 0 0 0 
12 52 0 0 0 0 0 0 0 0 0 0 0 0 0 0 
20 52 0 0 0 0 0 0 0 0 0 0 0 0 0 0 
28 52 0 0 0 0 0 0 0 0 0 0 0 0 0 0 
36 52 0 0 0 0 0 0 0 0 0 0 0 0 0 0 
44 52 0 0 0 0 0 0 0 0 0 0 0 0 0 0 
52 52 0 0 0 0 0 0 0 0 0 0 0 0 0 0 
60 52 -5.991134015811 6.206485385569 8.626363523333 0 0.99746131897 8 -7 10.630145812735 0 0.971385061741 0 0 0 0 
68 52 -7 8 10.630145812735 0 0.989775061607 7.38591993023 -5.739199088964 9.353620657186 0 0.971705794334 0 0 0 0 
76 52 0.924440558798 1.066381808242 1.411297455429 0 0.989564418793 0.924440558798 1.066381808242 1.411297455429 0 0.989564418793 0 0 0 0 
84 52 0.233078154322 1.30915075582 1.329737240016 0 0.860620260239 8 -7 10.630145812735 0 0.552440583706 0 0 0 0 
92 52 0.722078455545 0.727812367057 1.025235649792 0 0.87444204092 -8 -5 9.433981132057 0 0.383628875017 0 0 0 0 
100 52 0.214355929617 1.157716722915 1.177393933686 0 0.951708257198 -8 -8 11.313708498985 0 -0.345724642277 0 0 0 0 
108 52 -1.272681250281 0.816358614225 1.512004944383 0 0.939455449581 8 -7 10.630145812735 0 0.019162071869 0 0 0 0 
116 52 -1.528422266676 1.451953905924 2.108137749341 0 0.880279064178 -1.528422266676 1.451953905924 2.108137749341 0 0.880279064178 0 0 0 0 
124 52 -0.053962181732 -0.205270788175 0.212245173173 0 0.978776216507 -7 8 10.630145812735 0 0.509733438492 0 0 0 0 
132 52 -0.328491615958 0.318928671892 0.457845213483 0 0.992052733898 -0.328491615958 0.318928671892 0.457845213483 0 0.992052733898 0 0 0 0 
140 52 0.006545955443 0.696595142874 0.696625898605 0 0.995008170605 0.006545955443 0.696595142874 0.696625898605 0 0.995008170605 0 0 0 0 
148 52 -0.494853753577 0.432476347775 0.657203186856 0 0.989893972874 -2 -8 8.246211251235 0 0.989893972874 0 0 0 0 
156 52 0 0 0 0 0 0 0 0 0 0 0 0 0 0 
12 60 0 0 0 0 0 0 0 0 0 0 0 0 0 0 
20 60 0 0 0 0 0 0 0 0 0 0 0 0 0 0 
28 60 0 0 0 0 0 0 0 0 0 0 0 0 0 0 
36 60 0 0 0 0 0 0 0 0 0 0 0 0 0 0 
44 60 0 0 0 0 0 0 0 0 0 0 0 0 0 0 
52 60 -1.616534648584 -1.423199850874 2.153759987928 0 0.909632384777 6 -8 10 0 0.7875623703 0 0 0 0 
60 60 -6.290367057162 5.595365712341 8.418838112749 0 0.984232008457 -6.290367057162 5.595365712341 8.418838112749 0 0.984232008457 0 0 0 0 
68 60 -6.894487006764 6.847072734576 9.716807918191 0 0.980799674988 8 -8 11.313708498985 0 0.851686894894 0 0 0 0 
76 60 -0.372654655447 1.058842624228 1.12250576618 0 0.858242452145 8 -8 11.313708498985 0 0.610974669456 0 0 0 0 
84 60 -0.269273496076 1.370385378158 1.396590240679 0 0.743479371071 7 8 10.630145812735 0 0.436509072781 0 0 0 0 
92 60 -0.218850532705 2.586376466494 2.595619151975 0 0.931188881397 -6.923679007227 -4.256437436538 8.127397532192 0 0.594945132732 0 0 0 0 
100 60 0.253748705371 1.426407534932 1.448801870922 0 0.935735940933 0.253748705371 1.426407534932 1.448801870922 0 0.935735940933 0 0 0 0 
108 60 -0.169469201355 -0.313497008186 0.356370852272 0 0.855866491795 -6 8 10 0 0.480142384768 0 0 0 0 
116 60 -1.594894176569 -1.785374875614 2.394003107961 0 0.880504727364 -1.594894176569 -1.785374875614 2.394003107961 0 0.880504727364 0 0 0 0 
124 60 0.679619453869 -0.39469750595 0.785919030995 0 0.617592096329 8 -8 11.313708498985 0 0.244190499187 0 0 0 0 
132 60 -0.203523058538 1.306564832055 1.322321177218 0 0.990714788437 -0.203523058538 1.306564832055 1.322321177218 0 0.990714788437 0 0 0 0 
140 60 -0.138951408307 1.198901269049 1.20692657059 0 0.996424913406 -0.138951408307 1.198901269049 1.20692657059 0 0.996424913406 0 0 0 0 
148 60 -0.490775617695 0 0.490775617695 0 0.9958345294 -4.444720051969 -6.690950602241 8.03270541611 0 0.483622908592 0 0 0 0 
156 60 0 0 0 0 0 0 0 0 0 0 0 0 0 0 
12 68 0 0 0 0 0 0 0 0 0 0 0 0 0 0 
20 68 0 0 0 0 0 0 0 0 0 0 0 0 0 0 
28 68 0 0 0 0 0 0 0 0 0 0 0 0 0 0 
36 68 0 0 0 0 0 0 0 0 0 0 0 0 0 0 
44 68 -0.013836706524 0.001367846311 0.013904152292 0 0.999946832657 -6 8 10 0 0.924074709415 0 0 0 0 
52 68 -4.100715375171 2.892933424229 5.018458965179 0 0.935571551323 4 -8 8.944271909999 0 0.80597615242 0 0 0 0 
60 68 -5.228006659089 2.846206716075 5.9525579626 0 0.967532455921 8 8 11.313708498985 0 0.683396458626 0 0 0 0 
68 68 -5.653764976269 2.456785037651 6.164483038188 0 0.973145246506 5 8 9.433981132057 0 0.466366380453 0 0 0 0 
76 68 -3.469799411161 2.77704869188 4.444266800133 0 0.904822170734 8 -7 10.630145812735 0 0.181156218052 0 0 0 0 
84 68 -2.947879020737 3.381577546596 4.486096011516 0 0.918844521046 -8 -8 11.313708498985 0 -0.096027128398 0 0 0 0 
92 68 -2.12840599865 1.202714099361 2.444715382185 0 0.563618302345 -8 -4 8.944271909999 0 0.498557120562 0 0 0 0 
100 68 -0.24428646959 0.218970662198 0.328061015861 0 0.745768427849 8 -8 11.313708498985 0 0.299392014742 0 0 0 0 
108 68 -2.091760102344 -0.213709264995 2.102648799896 0 0.693447649479 8 8 11.313708498985 0 0.225804552436 0 0 0 0 
116 68 -3.273355092477 0.71837821274 3.351256602826 0 0.802465617657 3 8 8.544003745318 0 0.388177484274 0 0 0 0 
124 68 2.247510840289 -2.757400633696 3.557325291834 0 0.576920032501 2.247510840289 -2.757400633696 3.557325291834 0 0.576920032501 0 0 0 0 
132 68 -0.160011926154 1.811274081669 1.81832824744 0 0.996446728706 -0.160011926154 1.811274081669 1.81832824744 0 0.996446728706 0 0 0 0 
140 68 -0.231768034981 1.774334818156 1.78940785428 0 0.997666537762 -0.231768034981 1.774334818156 1.78940785428 0 0.997666537762 0 0 0 0 
148 68 -0.491154060964 0.177512676954 0.522248084803 0 0.997487366199 -2 8 8.246211251235 0 0.936284303665 0 0 0 0 
156 68 0 0 0 0 0 0 0 0 0 0 0 0 0 0 
12 76 0 0 0 0 0 0 0 0 0 0 0 0 0 0 
20 76 0 0 0 0 0 0 0 0 0 0 0 0 0 0 
28 76 0 0 0 0 0 0 0 0 0 0 0 0 0 0 
36 76 0 0 0 0 0 0 0 0 0 0 0 0 0 0 
44 76 -0.161166879487 -0.165048123381 0.230685166569 0 0.996347129345 6 -8 10 0 0.940285086632 0 0 0 0 
52 76 -1.237098478548 0.778641586399 1.461743946694 0 0.943481862545 -1.237098478548 0.778641586399 1.461743946694 0 0.943481862545 0 0 0 0 
60 76 -3.358993132528 1.929299508969 3.873632850397 0 0.921628117561 3 -8 8.544003745318 0 0.690246462822 0 0 0 0 
68 76 -3.833303983075 0.42098198547 3.856351288296 0 0.917337477207 -3.833303983075 0.42098198547 3.856351288296 0 0.917337477207 0 0 0 0 
76 76 -1.757685747802 1.008297287764 2.026356979542 0 0.972913146019 -1.757685747802 1.008297287764 2.026356979542 0 0.972913146019 0 0 0 0 
84 76 -1.744249674031 1.171915742343 2.101378935963 0 0.979162335396 -1.744249674031 1.171915742343 2.101378935963 0 0.979162335396 0 0 0 0 
92 76 -1.189318598692 -0.327999818881 1.233719015976 0 0.913315951824 -1.189318598692 -0.327999818881 1.233719015976 0 0.913315951824 0 0 0 0 
100 76 0.58996700601 -0.03997387562 0.591319692647 0 0.893467605114 8 -8 11.313708498985 0 -0.165289282799 0 0 0 0 
108 76 -4.569156072073 -0.001977102123 4.569156499825 0 0.799956321716 8 -5 9.433981132057 0 0.643694996834 0 0 0 0 
116 76 -2.668631535463 0.810565347618 2.789016037033 0 0.881720542908 -8 -8 11.313708498985 0 -0.056289818138 0 0 0 0 
124 76 0.134903339246 1.76624721223 1.771391578859 0 0.950668811798 3.021973739094 -7.177546985267 7.787779273034 0 0.849554955959 0 0 0 0 
132 76 0.161710082732 1.413239422068 1.422461182228 0 0.997155427933 0.161710082732 1.413239422068 1.422461182228 0 0.997155427933 0 0 0 0 
140 76 -0.008230421803 1.469426766417 1.469449815988 0 0.996600210667 1.882981363064 -7.420059541861 7.65525325632 0 0.983182966709 0 0 0 0 
148 76 0 0 0 0 0 0 0 0 0 0 0 0 0 0 
156 76 0 0 0 0 0 0 0 0 0 0 0 0 0 0 
12 84 0 0 0 0 0 0 0 0 0 0 0 0 0 0 
20 84 0 0 0 0 0 0 0 0 0 0 0 0 0 0 
28 84 0 0 0 0 0 0 0 0 0 0 0 0 0 0 
36 84 0 0 0 0 0 0 0 0 0 0 0 0 0 0 
44 84 -1.217120626531 2.530653132898 2.80812889636 0 0.989888012409 -1.217120626531 2.530653132898 2.80812889636 0 0.989888012409 0 0 0 0 
52 84 -1.126581148632 2.308265034199 2.568515632142 0 0.989631712437 -1.126581148632 2.308265034199 2.568515632142 0 0.989631712437 0 0 0 0 
60 84 1.837876309159 -2.210368196684 2.87463334926 0 0.759275853634 -8 -8 11.313708498985 0 0.248719513416 0 0 0 0 
68 84 -0.090820193432 -2.132352952779 2.134286162342 0 0.969714999199 -0.090820193432 -2.132352952779 2.134286162342 0 0.969714999199 0 0 0 0 
76 84 -0.746126929068 -0.699521414998 1.022758820212 0 0.963395357132 -0.746126929068 -0.699521414998 1.022758820212 0 0.963395357132 0 0 0 0 
84 84 -1.473620561039 -0.452274108375 1.541463404374 0 0.985697746277 -1.473620561039 -0.452274108375 1.541463404374 0 0.985697746277 0 0 0 0 
92 84 -1.100355034077 -0.935050586505 1.443987811701 0 0.945294260979 -1.100355034077 -0.935050586505 1.443987811701 0 0.945294260979 0 0 0 0 
100 84 0.834462692171 -0.178153227986 0.853268162577 0 0.911314964294 0.834462692171 -0.178153227986 0.853268162577 0 0.911314964294 0 0 0 0 
108 84 -1.256784834297 1.015023403573 1.615481547255 0 0.914959967136 8 -7 10.630145812735 0 0.632949829102 0 0 0 0 
116 84 -2.466826983414 1.097953225059 2.700136413316 0 0.905059635639 -2.466826983414 1.097953225059 2.700136413316 0 0.905059635639 0 0 0 0 
124 84 -0.047076431051 1.549165597349 1.549880717465 0 0.989562094212 -0.047076431051 1.549165597349 1.549880717465 0 0.989562094212 0 0 0 0 
132 84 0.059472873414 1.187955838677 1.189443608297 0 0.996867179871 0.059472873414 1.187955838677 1.189443608297 0 0.996867179871 0 0 0 0 
140 84 0.113637605591 1.366638362864 1.371354775489 0 0.996466815472 3 -8 8.544003745318 0 0.961294472218 0 0 0 0 
148 84 0 0 0 0 0 0 0 0 0 0 0 0 0 0 
156 84 0 0 0 0 0 0 0 0 0 0 0 0 0 0 
12 92 0 0 0 0 0 0 0 0 0 0 0 0 0 0 
20 92 0 0 0 0 0 0 0 0 0 0 0 0 0 0 
28 92 0 0 0 0 0 0 0 0 0 0 0 0 0 0 
36 92 0 0 0 0 0 0 0 0 0 0 0 0 0 0 
44 92 -0.842153565657 5.472369315776 5.536790456247 0 0.991414070129 -0.842153565657 5.472369315776 5.536790456247 0 0.991414070129 0 0 0 0 
52 92 -0.179987795796 6.726906401315 6.729313883204 0 0.992600679398 -0.179987795796 6.726906401315 6.729313883204 0 0.992600679398 0 0 0 0 
60 92 -2.181621361072 2.526784724897 3.338279917721 0 0.739592909813 8 -8 11.313708498985 0 0.276561051607 0 0 0 0 
68 92 -0.947272198639 0.238414873681 0.976814347922 0 0.952950596809 -0.947272198639 0.238414873681 0.976814347922 0 0.952950596809 0 0 0 0 
76 92 -0.889795215151 0.510331919546 1.025755425535 0 0.942394077778 -0.889795215151 0.510331919546 1.025755425535 0 0.942394077778 0 0 0 0 
84 92 -1.226161470076 -0.395644358558 1.288412359906 0 0.953577637672 -1.226161470076 -0.395644358558 1.288412359906 0 0.953577637672 0 0 0 0 
92 92 -0.875801296389 -1.091653820824 1.399548489791 0 0.947070121765 -8 8 11.313708498985 0 0.459978818893 0 0 0 0 
100 92 0.08287109129 -2.271695361686 2.273206421352 0 0.947492778301 6.571931608678 3.645765975129 7.515443740363 0 0.863884568214 0 0 0 0 
108 92 -2.626679216435 0.477642290513 2.669753895725 0 0.913405179977 8 -8 11.313708498985 0 0.724262535572 0 0 0 0 
116 92 1.182658910861 1.421112297938 1.848848902098 0 0.967054545879 -5.409079226176 -1.452707573061 5.600758642173 0 0.123900949955 0 0 0 0 
124 92 0.821443296068 0.863839672959 1.192052041327 0 0.986131250858 0.821443296068 0.863839672959 1.192052041327 0 0.986131250858 0 0 0 0 
132 92 0.212982287527 1.99327635479 2.004622678053 0 0.981286466122 4.194699697145 -6.990614872847 8.152557994256 0 0.980672061443 0 0 0 0 
140 92 -0.49840343813 1.005028798049 1.121823904206 0 0.992349267006 3.501613007889 -7.343260225987 8.135401920224 0 0.990956366062 0 0 0 0 
148 92 0 0 0 0 0 0 0 0 0 0 0 0 0 0 
156 92 0 0 0 0 0 0 0 0 0 0 0 0 0 0 
12 100 0 0 0 0 0 0 0 0 0 0 0 0 0 0 
20 100 0 0 0 0 0 0 0 0 0 0 0 0 0 0 
28 100 0 0 0 0 0 0 0 0 0 0 0 0 0 0 
36 100 0 0 0 0 0 0 0 0 0 0 0 0 0 0 
44 100 -2.138169059542 0.10958110146 2.14097523222 0 0.988545656204 -2.138169059542 0.10958110146 2.14097523222 0 0.988545656204 0 0 0 0 
52 100 -2.237381925875 0.166799095441 2.243590831785 0 0.995629966259 -2.237381925875 0.166799095441 2.243590831785 0 0.995629966259 0 0 0 0 
60 100 -2.316802135905 0.281900761381 2.333889495285 0 0.968504071236 8 -8 11.313708498985 0 -0.190718382597 0 0 0 0 
68 100 -2.048632314474 0.248202701028 2.063613079214 0 0.908341228962 6.659083295195 3.2998351227 7.431843793389 0 0.8610034585 0 0 0 0 
76 100 -4.618319841169 1.756139053526 4.940941461974 0 0.870940327644 5 8 9.433981132057 0 0.867521822453 0 0 0 0 
84 100 -0.152487080322 -0.975515291581 0.987361328883 0 0.78255045414 -4 8 8.944271909999 0 0.596527040005 0 0 0 0 
92 100 0.048343706271 -1.647014607373 1.647723954683 0 0.911359369755 -8 8 11.313708498985 0 0.641633629799 0 0 0 0 
100 100 -0.20802187005 -2.561737854854 2.57017002072 0 0.83478552103 -8 8 11.313708498985 0 0.244766548276 0 0 0 0 
108 100 -2.243371516673 -0.134404278615 2.247394106945 0 0.876486837864 -2.243371516673 -0.134404278615 2.247394106945 0 0.876486837864 0 0 0 0 
116 100 1.065977469149 1.440475678102 1.792003946406 0 0.980010986328 1.065977469149 1.440475678102 1.792003946406 0 0.980010986328 0 0 0 0 
124 100 -0.049753544051 3.689581319508 3.689916764428 0 0.997560799122 -0.049753544051 3.689581319508 3.689916764428 0 0.997560799122 0 0 0 0 
132 100 0.029969157825 4.062070368868 4.062180920646 0 0.998911857605 0.029969157825 4.062070368868 4.062180920646 0 0.998911857605 0 0 0 0 
140 100 0 0 0 0 0 0 0 0 0 0 0 0 0 0 
148 100 0 0 0 0 0 0 0 0 0 0 0 0 0 0 
156 100 0 0 0 0 0 0 0 0 0 0 0 0 0 0 
12 108 0 0 0 0 0 0 0 0 0 0 0 0 0 0 
20 108 0 0 0 0 0 0 0 0 0 0 0 0 0 0 
28 108 0 0 0 0 0 0 0 0 0 0 0 0 0 0 
36 108 0 0 0 0 0 0 0 0 0 0 0 0 0 0 
44 108 -1.960849021455 -0.001495331962 1.96084959162 0 0.999863743782 -1.960849021455 -0.001495331962 1.96084959162 0 0.999863743782 0 0 0 0 
52 108 -1.805126486118 0.876147742514 2.006518501683 0 0.99668866396 -1.805126486118 0.876147742514 2.006518501683 0 0.99668866396 0 0 0 0 
60 108 -2.476505988439 0.472041558931 2.521092053879 0 0.98351675272 -2.476505988439 0.472041558931 2.521092053879 0 0.98351675272 0 0 0 0 
68 108 -0.413358877424 1.339273154215 1.401612693702 0 0.964881122112 -0.413358877424 1.339273154215 1.401612693702 0 0.964881122112 0 0 0 0 
76 108 -2.576970380095 -0.071198173246 2.577953746629 0 0.917015612125 -2.576970380095 -0.071198173246 2.577953746629 0 0.917015612125 0 0 0 0 
84 108 -0.072206177484 -0.392811596357 0.399392892149 0 0.896397769451 -8 -8 11.313708498985 0 0.705545783043 0 0 0 0 
92 108 0.657063309303 -0.310297192008 0.72664746597 0 0.879315078259 -6 8 10 0 0.556950867176 0 0 0 0 
100 108 -0.076243411444 -2.036618874005 2.038045508752 0 0.810843467712 -4.143630572106 6.831632502567 7.990048621142 0 0.773596405983 0 0 0 0 
108 108 -0.77390122593 -1.087517459421 1.334772389601 0 0.927425026894 -0.77390122593 -1.087517459421 1.334772389601 0 0.927425026894 0 0 0 0 
116 108 0.887243668936 -1.5 1.742756818397 0 0.981309175491 0.887243668936 -1.5 1.742756818397 0 0.981309175491 0 0 0 0 
124 108 1.167752889029 -1.628248302209 2.003706401518 0 0.984794735909 1.167752889029 -1.628248302209 2.003706401518 0 0.984794735909 0 0 0 0 
132 108 -0.469258851933 3.827800328498 3.85645682265 0 0.962944328785 2.936621298853 -7.148681687564 7.728350051789 0 0.87617790699 0 0 0 0 
140 108 0 0 0 0 0 0 0 0 0 0 0 0 0 0 
148 108 0 0 0 0 0 0 0 0 0 0 0 0 0 0 
156 108 0 0 0 0 0 0 0 0 0 0 0 0 0 0 
12 116 0 0 0 0 0 0 0 0 0 0 0 0 0 0 
20 116 0 0 0 0 0 0 0 0 0 0 0 0 0 0 
28 116 0 0 0 0 0 0 0 0 0 0 0 0 0 0 
36 116 0 0 0 0 0 0 0 0 0 0 0 0 0 0 
44 116 -1.178491961398 0.80781860323 1.428780668544 0 1 -5.3675818239 -7.132624928579 8.926660798308 0 0.999022960663 0 0 0 0 
52 116 -1.866681502715 0.996647409952 2.11608267616 0 0.997705101967 -1.866681502715 0.996647409952 2.11608267616 0 0.997705101967 0 0 0 0 
60 116 -2.754809460409 -0.218408314307 2.763453881453 0 0.986180603504 -2.754809460409 -0.218408314307 2.763453881453 0 0.986180603504 0 0 0 0 
68 116 -1.010486493649 0.432000503553 1.098957409965 0 0.987114906311 -1.010486493649 0.432000503553 1.098957409965 0 0.987114906311 0 0 0 0 
76 116 -0.503393802935 0.530712344675 0.731478580427 0 0.983260154724 -0.503393802935 0.530712344675 0.731478580427 0 0.983260154724 0 0 0 0 
84 116 -1.243898844526 0.196285192817 1.259290360612 0 0.917645931244 -1.243898844526 0.196285192817 1.259290360612 0 0.917645931244 0 0 0 0 
92 116 -0.45443283033 -0.081639344403 0.461707894492 0 0.873256146908 -0.45443283033 -0.081639344403 0.461707894492 0 0.873256146908 0 0 0 0 
100 116 0.135725983362 -1.744672111022 1.749943518385 0 0.826134622097 0.135725983362 -1.744672111022 1.749943518385 0 0.826134622097 0 0 0 0 
108 116 -0.015595072785 -1.964460579281 1.964522479852 0 0.941544473171 -0.015595072785 -1.964460579281 1.964522479852 0 0.941544473171 0 0 0 0 
116 116 1.065647964341 -3.234131823526 3.405174626337 0 0.995044291019 1.065647964341 -3.234131823526 3.405174626337 0 0.995044291019 0 0 0 0 
124 116 1.020246112997 -3.439931100996 3.588039591571 0 0.992135107517 1.020246112997 -3.439931100996 3.588039591571 0 0.992135107517 0 0 0 0 
132 116 -0.494568324489 1.501954125362 1.581285560004 0 0.989893972874 1.504965910034 -6.491400265832 6.663572600461 0 0.989893972874 0 0 0 0 
140 116 0 0 0 0 0 0 0 0 0 0 0 0 0 0 
148 116 0 0 0 0 0 0 0 0 0 0 0 0 0 0 
156 116 0 0 0 0 0 0 0 0 0 0 0 0 0 0 
12 124 0 0 0 0 0 0 0 0 0 0 0 0 0 0 
20 124 0 0 0 0 0 0 0 0 0 0 0 0 0 0 
28 124 0 0 0 0 0 0 0 0 0 0 0 0 0 0 
36 124 0 0 0 0 0 0 0 0 0 0 0 0 0 0 
44 124 0 0 0 0 0 0 0 0 0 0 0 0 0 0 
52 124 -8 7 10.630145812735 0 0.996754229069 -8 7 10.630145812735 0 0.996754229069 0 0 0 0 
60 124 -1.007934738082 0.021628084681 1.008166757178 0 0.993697106838 -1.007934738082 0.021628084681 1.008166757178 0 0.993697106838 0 0 0 0 
68 124 -1.042954069607 0.086895357402 1.046567720908 0 0.992519021034 -1.042954069607 0.086895357402 1.046567720908 0 0.992519021034 0 0 0 0 
76 124 -0.315882204628 0.566658635815 0.648755405946 0 0.975285768509 -0.315882204628 0.566658635815 0.648755405946 0 0.975285768509 0 0 0 0 
84 124 -1.539275325591 -0.862299904866 1.764349640492 0 0.87522649765 -1.539275325591 -0.862299904866 1.764349640492 0 0.87522649765 0 0 0 0 
92 124 1.265150598914 -2.05011839373 2.409064437959 0 0.81285828352 1.265150598914 -2.05011839373 2.409064437959 0 0.81285828352 0 0 0 0 
100 124 0.374365642315 -1.932726498459 1.968649626519 0 0.748518884182 0.374365642315 -1.932726498459 1.968649626519 0 0.748518884182 0 0 0 0 
108 124 0.45273325275 -1.842375484929 1.897186028204 0 0.77184766531 0.45273325275 -1.842375484929 1.897186028204 0 0.77184766531 0 0 0 0 
116 124 0.99002649775 -0.798651731941 1.272005131743 0 0.988950014114 0.99002649775 -0.798651731941 1.272005131743 0 0.988950014114 0 0 0 0 
124 124 2.055408523531 4.648712446727 5.082836964822 0 0.987795591354 2.055408523531 4.648712446727 5.082836964822 0 0.987795591354 0 0 0 0 
132 124 -0.494804982025 -2.041534728774 2.100641811216 0 0.996557295322 4 8 8.944271909999 0 0.974382638931 0 0 0 0 
140 124 0 0 0 0 0 0 0 0 0 0 0 0 0 0 
148 124 0 0 0 0 0 0 0 0 0 0 0 0 0 0 
156 124 0 0 0 0 0 0 0 0 0 0 0 0 0 0 
12 132 0 0 0 0 0 0 0 0 0 0 0 0 0 0 
20 132 0 0 0 0 0 0 0 0 0 0 0 0 0 0 
28 132 0 0 0 0 0 0 0 0 0 0 0 0 0 0 
36 132 0 0 0 0 0 0 0 0 0 0 0 0 0 0 
44 132 0.166994095298 -1.968411371342 1.975482309385 0 0.998902082443 -5.089465478159 3.980300684157 6.461072077424 0 0.984718203545 0 0 0 0 
52 132 -7.291882008013 5.759097437356 9.291864533652 0 0.988553881645 8 8 11.313708498985 0 0.471716165543 0 0 0 0 
60 132 -0.16467039207 -1.052419038142 1.065223999855 0 0.991371870041 4 8 8.944271909999 0 0.57908308506 0 0 0 0 
68 132 -0.025097816149 -1.001803682032 1.002118015859 0 0.988333761692 -0.025097816149 -1.001803682032 1.002118015859 0 0.988333761692 0 0 0 0 
76 132 -0.670864090151 -0.938885289274 1.153934232905 0 0.888831675053 -0.670864090151 -0.938885289274 1.153934232905 0 0.888831675053 0 0 0 0 
84 132 -2.06312773146 -1.436599582317 2.514023547271 0 0.903172075748 -2.06312773146 -1.436599582317 2.514023547271 0 0.903172075748 0 0 0 0 
92 132 1.014514651116 -1.517757749745 1.825603616408 0 0.817158937454 1.014514651116 -1.517757749745 1.825603616408 0 0.817158937454 0 0 0 0 
100 132 0.09446780865 -0.090391050256 0.130746735475 0 0.837890267372 0.09446780865 -0.090391050256 0.130746735475 0 0.837890267372 0 0 0 0 
108 132 -0.238136868564 -1.363010169833 1.38365671004 0 0.888973772526 8 -8 11.313708498985 0 0.269531071186 0 0 0 0 
116 132 0.682700453927 -0.714387343767 0.988144314727 0 0.988165795803 -8 8 11.313708498985 0 -0.134026870131 0 0 0 0 
124 132 0.174673913953 -1.800380249969 1.808833884217 0 0.992581486702 0.174673913953 -1.800380249969 1.808833884217 0 0.992581486702 0 0 0 0 
132 132 3.842760741228 3.921712665241 5.490595627347 0 0.992937862873 -2 -8 8.246211251235 0 0.946641087532 0 0 0 0 
140 132 0 0 0 0 0 0 0 0 0 0 0 0 0 0 
148 132 0 0 0 0 0 0 0 0 0 0 0 0 0 0 
156 132 0 0 0 0 0 0 0 0 0 0 0 0 0 0 
12 140 0 0 0 0 0 0 0 0 0 0 0 0 0 0 
20 140 0 0 0 0 0 0 0 0 0 0 0 0 0 0 
28 140 0 0 0 0 0 0 0 0 0 0 0 0 0 0 
36 140 0.092550291625 -3.810651310891 3.811775041851 0 0.998574972153 0.092550291625 -3.810651310891 3.811775041851 0 0.998574972153 0 0 0 0 
44 140 -2.106045901891 -0.192570382003 2.114831599181 0 0.990057706833 -2.106045901891 -0.192570382003 2.114831599181 0 0.990057706833 0 0 0 0 
52 140 -0.071017675348 -2.134311065475 2.135492269811 0 0.989179670811 -0.071017675348 -2.134311065475 2.135492269811 0 0.989179670811 0 0 0 0 
60 140 1.158841924594 -2.843758898899 3.07081085078 0 0.96551990509 1.158841924594 -2.843758898899 3.07081085078 0 0.96551990509 0 0 0 0 
68 140 -0.82896640576 1.148897591971 1.41673955924 0 0.902796030045 -8 -8 11.313708498985 0 0.342286735773 0 0 0 0 
76 140 -0.668306585023 0.506233974306 0.838395210105 0 0.971558392048 -0.668306585023 0.506233974306 0.838395210105 0 0.971558392048 0 0 0 0 
84 140 -2.459025140372 -0.992845327016 2.651894885616 0 0.982234358788 -2.459025140372 -0.992845327016 2.651894885616 0 0.982234358788 0 0 0 0 
92 140 -0.52611293485 -1.234493251188 1.341927124491 0 0.964136362076 -0.52611293485 -1.234493251188 1.341927124491 0 0.964136362076 0 0 0 0 
100 140 -0.536045340088 -0.136698728301 0.553200821537 0 0.959003984928 8 -5 9.433981132057 0 0.68334031105 0 0 0 0 
108 140 -2.139279234109 -0.226507724821 2.151237176811 0 0.942416548729 -2.139279234109 -0.226507724821 2.151237176811 0 0.942416548729 0 0 0 0 
116 140 0.432445375695 -2.219198898524 2.260940679047 0 0.983075618744 -8 3 8.544003745318 0 0.145291015506 0 0 0 0 
124 140 0.130141651624 -2.421788238807 2.425282483158 0 0.997230470181 0.130141651624 -2.421788238807 2.425282483158 0 0.997230470181 0 0 0 0 
132 140 -0.148812069298 -2.789856150167 2.793822179487 0 0.996916055679 -0.148812069298 -2.789856150167 2.793822179487 0 0.996916055679 0 0 0 0 
140 140 0 0 0 0 0 0 0 0 0 0 0 0 0 0 
148 140 0 0 0 0 0 0 0 0 0 0 0 0 0 0 
156 140 0 0 0 0 0 0 0 0 0 0 0 0 0 0 
12 148 0 0 0 0 0 0 0 0 0 0 0 0 0 0 
20 148 0 0 0 0 0 0 0 0 0 0 0 0 0 0 
28 148 0 0 0 0 0 0 0 0 0 0 0 0 0 0 
36 148 -1.103568317645 -2.192236704452 2.45433591834 0 0.977937340736 -1.103568317645 -2.192236704452 2.45433591834 0 0.977937340736 0 0 0 0 
44 148 -1.17579701419 -1.617096900696 1.999375153597 0 0.990482211113 -1.17579701419 -1.617096900696 1.999375153597 0 0.990482211113 0 0 0 0 
52 148 -0.962016477807 -1.732659413274 1.981813398375 0 0.956806302071 8 8 11.313708498985 0 0.042162612081 0 0 0 0 
60 148 0.069713877537 1.507501609089 1.509112694972 0 0.899994432926 -8 8 11.313708498985 0 0.015203372575 0 0 0 0 
68 148 -0.603099857183 0.790401523934 0.994215271845 0 0.938657879829 -0.603099857183 0.790401523934 0.994215271845 0 0.938657879829 0 0 0 0 
76 148 0.039134364808 0.282430360745 0.285128755441 0 0.979153513908 0.039134364808 0.282430360745 0.285128755441 0 0.979153513908 0 0 0 0 
84 148 0.283059012633 -0.625333924013 0.686414540314 0 0.930570781231 0.283059012633 -0.625333924013 0.686414540314 0 0.930570781231 0 0 0 0 
92 148 0.937078474923 0.121590751324 0.944934060647 0 0.93645465374 0.937078474923 0.121590751324 0.944934060647 0 0.93645465374 0 0 0 0 
100 148 0.735695494549 -0.829806497765 1.108975511196 0 0.928079366684 0.735695494549 -0.829806497765 1.108975511196 0 0.928079366684 0 0 0 0 
108 148 0.451794052904 -1.826607840118 1.881651951829 0 0.96784645319 0.451794052904 -1.826607840118 1.881651951829 0 0.96784645319 0 0 0 0 
116 148 0.292211689741 -2.629018430139 2.64520804052 0 0.903241455555 8 -8 11.313708498985 0 0.340586096048 0 0 0 0 
124 148 -0.044984228564 -2.67806362782 2.678441407885 0 0.992712676525 -0.044984228564 -2.67806362782 2.678441407885 0 0.992712676525 0 0 0 0 
132 148 0.758577604759 -0.64400801794 0.995081056805 0 0.995054125786 0.758577604759 -0.64400801794 0.995081056805 0 0.995054125786 0 0 0 0 
140 148 1.500590460897 1.431185992859 2.07365982685 0 0.96989440918 -3 -8 8.544003745318 0 0.920023858547 0 0 0 0 
148 148 0 0 0 0 0 0 0 0 0 0 0 0 0 0 
156 148 0 0 0 0 0 0 0 0 0 0 0 0 0 0 
12 156 0 0 0 0 0 0 0 0 0 0 0 0 0 0 
20 156 0 0 0 0 0 0 0 0 0 0 0 0 0 0 
28 156 0 0 0 0 0 0 0 0 0 0 0 0 0 0 
36 156 -0.673272333806 -3.906013336708 3.96361398499 0 0.954493582249 -0.673272333806 -3.906013336708 3.96361398499 0 0.954493582249 0 0 0 0 
44 156 -1.042767806706 -3.673122926599 3.818271432547 0 0.992183804512 -1.042767806706 -3.673122926599 3.818271432547 0 0.992183804512 0 0 0 0 
52 156 -1.324808016395 -2.79300464464 3.091276633575 0 0.86594325304 8 -3 8.544003745318 0 0.005804778542 0 0 0 0 
60 156 -0.003745208821 -0.119793490825 0.119852021398 0 0.944668591022 -8 8 11.313708498985 0 0.19323438406 0 0 0 0 
68 156 -0.712122720875 -1.569386626081 1.723395819802 0 0.973119735718 -0.712122720875 -1.569386626081 1.723395819802 0 0.973119735718 0 0 0 0 
76 156 0.41633338458 -0.298895306865 0.512515259852 0 0.970201969147 0.41633338458 -0.298895306865 0.512515259852 0 0.970201969147 0 0 0 0 
84 156 0.897090982907 -0.0787505855 0.90054088543 0 0.956385493279 -8 8 11.313708498985 0 -0.294091612101 0 0 0 0 
92 156 0.342495398971 -1.287864210604 1.33262797632 0 0.956975281239 0.342495398971 -1.287864210604 1.33262797632 0 0.956975281239 0 0 0 0 
100 156 0.76544632056 -2.082116157345 2.218358799279 0 0.869452595711 0.76544632056 -2.082116157345 2.218358799279 0 0.869452595711 0 0 0 0 
108 156 -0.104452985249 -2.103985419449 2.106576623668 0 0.958078742027 -0.104452985249 -2.103985419449 2.106576623668 0 0.958078742027 0 0 0 0 
116 156 0.3599448382 -2.028856951065 2.060538962124 0 0.88356590271 0.3599448382 -2.028856951065 2.060538962124 0 0.88356590271 0 0 0 0 
124 156 0.945706096078 -0.509323524377 1.074137082798 0 0.988021016121 0.945706096078 -0.509323524377 1.074137082798 0 0.988021016121 0 0 0 0 
132 156 0.945044218109 -0.192437866905 0.964438130105 0 0.996929585934 0.945044218109 -0.192437866905 0.964438130105 0 0.996929585934 0 0 0 0 
140 156 -0.373580730645 -6.706776116118 6.717172651796 0 0.976078391075 -0.373580730645 -6.706776116118 6.717172651796 0 0.976078391075 0 0 0 0 
148 156 0 0 0 0 0 0 0 0 0 0 0 0 0 0 
156 156 0 0 0 0 0 0 0 0 0 0 0 0 0 0 
12 164 0 0 0 0 0 0 0 0 0 0 0 0 0 0 
20 164 0 0 0 0 0 0 0 0 0 0 0 0 0 0 
28 164 0 0 0 0 0 0 0 0 0 0 0 0 0 0 
36 164 0.095816690405 -1.466758479123 1.469884782641 0 0.99179404974 0.095816690405 -1.466758479123 1.469884782641 0 0.99179404974 0 0 0 0 
44 164 1.073198393175 2.911536720201 3.103030915765 0 0.988941729069 1.073198393175 2.911536720201 3.103030915765 0 0.988941729069 0 0 0 0 
52 164 1.146788350147 3.21418985089 3.412644124078 0 0.938281238079 8 -8 11.313708498985 0 0.234021559358 0 0 0 0 
60 164 -3.523418595718 1.875995900466 3.991721335366 0 0.906877994537 -3.523418595718 1.875995900466 3.991721335366 0 0.906877994537 0 0 0 0 
68 164 -1.151195180775 -2.788086442066 3.016401225413 0 0.969951272011 8 8 11.313708498985 0 0.611584722996 0 0 0 0 
76 164 -0.049846215991 -1.508715853964 1.509539059862 0 0.92508327961 4 8 8.944271909999 0 0.425301104784 0 0 0 0 
84 164 0.918314652728 -0.188408817133 0.937443162964 0 0.842332065105 -8 8 11.313708498985 0 0.243238463998 0 0 0 0 
92 164 1.73270559553 -0.209608798659 1.745337941276 0 0.936484098434 1.73270559553 -0.209608798659 1.745337941276 0 0.936484098434 0 0 0 0 
100 164 -0.115661545962 -5.228600631775 5.229879746209 0 0.852111876011 -0.115661545962 -5.228600631775 5.229879746209 0 0.852111876011 0 0 0 0 
108 164 0.344496088221 -2.905592610182 2.925943603548 0 0.892900109291 8 8 11.313708498985 0 0.045377951115 0 0 0 0 
116 164 1.690944263508 0.024528997323 1.691122164126 0 0.886973798275 8 8 11.313708498985 0 0.289235919714 0 0 0 0 
124 164 1.318795716168 0.806074614336 1.545632047047 0 0.974984586239 -8 -8 11.313708498985 0 0.323685318232 0 0 0 0 
132 164 0.825907845174 0.929268841004 1.243247500533 0 0.995293796062 0.825907845174 0.929268841004 1.243247500533 0 0.995293796062 0 0 0 0 
140 164 0.05728939944 2.658034388012 2.658651703993 0 0.964569270611 0.05728939944 2.658034388012 2.658651703993 0 0.964569270611 0 0 0 0 
148 164 0 0 0 0 0 0 0 0 0 0 0 0 0 0 
156 164 0 0 0 0 0 0 0 0 0 0 0 0 0 0 
12 172 0 0 0 0 0 0 0 0 0 0 0 0 0 0 
20 172 0 0 0 0 0 0 0 0 0 0 0 0 0 0 
28 172 0 0 0 0 0 0 0 0 0 0 0 0 0 0 
36 172 2.095176271697 3.964213427973 4.483832257344 0 0.999933898449 -2.2762796222 -7.076420984832 7.433517530282 0 0.980598092079 0 0 0 0 
44 172 1.200732206318 2.921135666854 3.158289317883 0 0.980060994625 1.200732206318 2.921135666854 3.158289317883 0 0.980060994625 0 0 0 0 
52 172 0.939353719479 3.975436671474 4.084909073553 0 0.95102596283 8 -7 10.630145812735 0 0.384782016277 0 0 0 0 
60 172 3 8 8.544003745318 0 0.982673764229 8 -7 10.630145812735 0 0.622463822365 0 0 0 0 
68 172 -0.857725582328 1.637973835364 1.84895956146 0 0.84507638216 8 -7 10.630145812735 0 0.573190629482 0 0 0 0 
76 172 -0.465828112629 0.447307502026 0.645817181472 0 0.804577171803 8 8 11.313708498985 0 0.630839347839 0 0 0 0 
84 172 0.545928350681 1.081581240239 1.211550966041 0 0.944462537766 -8 -3 8.544003745318 0 0.394161552191 0 0 0 0 
92 172 0.774098362263 -0.018204724479 0.774312395905 0 0.960327148438 0.774098362263 -0.018204724479 0.774312395905 0 0.960327148438 0 0 0 0 
100 172 0.031729475 -0.164726067521 0.167754096537 0 0.915526986122 0.031729475 -0.164726067521 0.167754096537 0 0.915526986122 0 0 0 0 
108 172 3.438416079195 -4.047535287147 5.310861232829 0 0.719421029091 8 8 11.313708498985 0 0.520402669907 0 0 0 0 
116 172 2.842236695771 -3.207103463957 4.285303030512 0 0.892880856991 2.842236695771 -3.207103463957 4.285303030512 0 0.892880856991 0 0 0 0 
124 172 0.878513745803 -0.211915029258 0.903711447969 0 0.979067862034 -8 -8 11.313708498985 0 0.478247433901 0 0 0 0 
132 172 0.81083878691 -0.132723152471 0.821629462446 0 0.989844083786 -6 8 10 0 0.880802631378 0 0 0 0 
140 172 -0.015814273974 3.459139045511 3.459175194673 0 0.99081659317 -0.015814273974 3.459139045511 3.459175194673 0 0.99081659317 0 0 0 0 
148 172 0 0 0 0 0 0 0 0 0 0 0 0 0 0 
156 172 0 0 0 0 0 0 0 0 0 0 0 0 0 0 
12 180 0 0 0 0 0 0 0 0 0 0 0 0 0 0 
20 180 0 0 0 0 0 0 0 0 0 0 0 0 0 0 
28 180 0 0 0 0 0 0 0 0 0 0 0 0 0 0 
36 180 0 0 0 0 0 0 0 0 0 0 0 0 0 0 
44 180 3.862114036013 6.618949739056 7.663316545421 0 0.882349669933 -2.088979010804 0.558186210549 2.162268520149 0 0.878501772881 0 0 0 0 
52 180 1.926303960035 6.348629123598 6.634435823448 0 0.994343340397 -3.913990630194 -0.07712257787 3.914750380964 0 0.97864729166 0 0 0 0 
60 180 -0.674851518161 1.679793686199 1.81028489464 0 0.969491899014 8 -8 11.313708498985 0 0.460233449936 0 0 0 0 
68 180 -2.148230665322 -0.620153189976 2.235952810429 0 0.979701161385 8 -8 11.313708498985 0 0.32893332839 0 0 0 0 
76 180 -1.589673664823 -0.463458944769 1.655855233442 0 0.573295712471 -8 -8 11.313708498985 0 0.405772775412 0 0 0 0 
84 180 -0.526808903199 1.464486270498 1.556357175254 0 0.96893787384 -0.526808903199 1.464486270498 1.556357175254 0 0.96893787384 0 0 0 0 
92 180 0.312062678602 -0.652171038896 0.72298698422 0 0.880826115608 8 8 11.313708498985 0 0.237629249692 0 0 0 0 
100 180 0.180879028263 -1.189447522011 1.203122034742 0 0.923410475254 8 8 11.313708498985 0 0.30589479208 0 0 0 0 
108 180 -1.438150507836 0.648623173403 1.577652973333 0 0.670060157776 -8 -8 11.313708498985 0 0.65459883213 0 0 0 0 
116 180 0.96341323875 -1.977615245017 2.199801610583 0 0.984153330326 0.96341323875 -1.977615245017 2.199801610583 0 0.984153330326 0 0 0 0 
124 180 -3.021084942541 2.989345750698 4.25007555783 0 0.991416394711 -3.021084942541 2.989345750698 4.25007555783 0 0.991416394711 0 0 0 0 
132 180 -7 8 10.630145812735 0 0.995584726334 -7 8 10.630145812735 0 0.995584726334 0 0 0 0 
140 180 1.50172507233 0.456009358274 1.569433887648 0 0.993971467018 -6.110165729418 6.759374365504 9.111710435148 0 0.943556249142 0 0 0 0 
148 180 0 0 0 0 0 0 0 0 0 0 0 0 0 0 
156 180 0 0 0 0 0 0 0 0 0 0 0 0 0 0 
12 188 0 0 0 0 0 0 0 0 0 0 0 0 0 0 
20 188 0 0 0 0 0 0 0 0 0 0 0 0 0 0 
28 188 0 0 0 0 0 0 0 0 0 0 0 0 0 0 
36 188 0 0 0 0 0 0 0 0 0 0 0 0 0 0 
44 188 0 0 0 0 0 0 0 0 0 0 0 0 0 0 
52 188 2.145809198123 5.722421811469 6.111514419775 0 0.998176693916 -8 -6 10 0 0.995492458344 0 0 0 0 
60 188 -1.915367232788 -0.920468506637 2.125063271563 0 0.995470821857 -1.915367232788 -0.920468506637 2.125063271563 0 0.995470821857 0 0 0 0 
68 188 -3.75019735707 -3.320086570071 5.008687956915 0 0.975173532963 8 2 8.246211251235 0 0.837819457054 0 0 0 0 
76 188 1.635693772352 -1.583445823926 2.276575233595 0 0.945722043514 -5.696165501364 -4.201755737505 7.078209709848 0 0.930688917637 0 0 0 0 
84 188 0.874756258248 -1.766041615197 1.970812395423 0 0.956306993961 0.874756258248 -1.766041615197 1.970812395423 0 0.956306993961 0 0 0 0 
92 188 0.343613113668 -1.426169621667 1.466979809558 0 0.903035640717 0.343613113668 -1.426169621667 1.466979809558 0 0.903035640717 0 0 0 0 
100 188 1.667505503553 -1.793956753699 2.449256099007 0 0.892168879509 8 8 11.313708498985 0 0.306001722813 0 0 0 0 
108 188 1.406257333213 -1.602496403343 2.132030583726 0 0.981543123722 -8 -8 11.313708498985 0 0.395513683558 0 0 0 0 
116 188 1.123348924356 -1.852391108799 2.166394614518 0 0.993874192238 1.123348924356 -1.852391108799 2.166394614518 0 0.993874192238 0 0 0 0 
124 188 -4.014906594081 4.050482699438 5.703146943368 0 0.997742474079 -4.014906594081 4.050482699438 5.703146943368 0 0.997742474079 0 0 0 0 
132 188 -0.080969905699 -0.0087800148 0.081444547324 0 0.999449551105 8 -7 10.630145812735 0 0.986719787121 0 0 0 0 
140 188 0 0 0 0 0 0 0 0 0 0 0 0 0 0 
148 188 0 0 0 0 0 0 0 0 0 0 0 0 0 0 
156 188 0 0 0 0 0 0 0 0 0 0 0 0 0 0 
12 196 0 0 0 0 0 0 0 0 0 0 0 0 0 0 
20 196 0 0 0 0 0 0 0 0 0 0 0 0 0 0 
28 196 0 0 0 0 0 0 0 0 0 0 0 0 0 0 
36 196 0 0 0 0 0 0 0 0 0 0 0 0 0 0 
44 196 0 0 0 0 0 0 0 0 0 0 0 0 0 0 
52 196 0 0 0 0 0 0 0 0 0 0 0 0 0 0 
60 196 -1.532650504367 -1.128012417306 1.903005407804 0 0.996080994606 8 4 8.944271909999 0 0.920701265335 0 0 0 0 
68 196 -4.965872169343 -3.667167405535 6.173168002127 0 0.977635443211 8 2 8.246211251235 0 0.938792645931 0 0 0 0 
76 196 2.564798171033 -1.685960652805 3.069308225144 0 0.986682236195 -6.427264056232 -4.550966020244 7.875342212624 0 0.981878399849 0 0 0 0 
84 196 2.398757562444 -2.325392392642 3.340881264448 0 0.993337273598 -8 -5 9.433981132057 0 0.951063632965 0 0 0 0 
92 196 2.450400346647 -2.185893143371 3.283685535048 0 0.993867516518 2.450400346647 -2.185893143371 3.283685535048 0 0.993867516518 0 0 0 0 
100 196 2.074785489767 -1.965728070864 2.858115056664 0 0.995472073555 2.074785489767 -1.965728070864 2.858115056664 0 0.995472073555 0 0 0 0 
108 196 1.471946732304 -1.701523145897 2.249846261139 0 0.995940506458 1.471946732304 -1.701523145897 2.249846261139 0 0.995940506458 0 0 0 0 
116 196 1.346745770102 -1.779936358066 2.232016489198 0 0.995828688145 1.346745770102 -1.779936358066 2.232016489198 0 0.995828688145 0 0 0 0 
124 196 -2.019904019209 1.98048997246 2.828843010461 0 0.999887943268 -2.019904019209 1.98048997246 2.828843010461 0 0.999887943268 0 0 0 0 
132 196 0 0 0 0 0 0 0 0 0 0 0 0 0 0 
140 196 0 0 0 0 0 0 0 0 0 0 0 0 0 0 
148 196 0 0 0 0 0 0 0 0 0 0 0 0 0 0 
156 196 0 0 0 0 0 0 0 0 0 0 0 0 0 0 
12 204 0 0 0 0 0 0 0 0 0 0 0 0 0 0 
20 204 0 0 0 0 0 0 0 0 0 0 0 0 0 0 
28 204 0 0 0 0 0 0 0 0 0 0 0 0 0 0 
36 204 0 0 0 0 0 0 0 0 0 0 0 0 0 0 
44 204 0 0 0 0 0 0 0 0 0 0 0 0 0 0 
52 204 0 0 0 0 0 0 0 0 0 0 0 0 0 0 
60 204 0 0 0 0 0 0 0 0 0 0 0 0 0 0 
68 204 -6.964703941515 -4.209958271973 8.138233816051 0 0.997421145439 0.352205747192 -1.92106030445 1.953080024394 0 0.993580579758 0 0 0 0 
76 204 -6.299096918561 -4.824518133069 7.934393310502 0 0.978814125061 2.467890659969 -1.982794384179 3.165747601988 0 0.976884305477 0 0 0 0 
84 204 2.492275068903 -2.271465385099 3.372089858645 0 0.991118013859 -7.040425858291 -5.071832103552 8.677043111147 0 0.907885909081 0 0 0 0 
92 204 2.36606978383 -2.32680485657 3.318479631173 0 0.991067826748 2.36606978383 -2.32680485657 3.318479631173 0 0.991067826748 0 0 0 0 
100 204 2.217769691248 -2.237966609206 3.150713720308 0 0.990031719208 2.217769691248 -2.237966609206 3.150713720308 0 0.990031719208 0 0 0 0 
108 204 1.391828595023 -1.918476844795 2.370177259603 0 0.995091617107 1.391828595023 -1.918476844795 2.370177259603 0 0.995091617107 0 0 0 0 
116 204 -3.411561891722 -0.236672483862 3.419761454498 0 0.995023012161 -3.411561891722 -0.236672483862 3.419761454498 0 0.995023012161 0 0 0 0 
124 204 0 0 0 0 0 0 0 0 0 0 0 0 0 0 
132 204 0 0 0 0 0 0 0 0 0 0 0 0 0 0 
140 204 0 0 0 0 0 0 0 0 0 0 0 0 0 0 
148 204 0 0 0 0 0 0 0 0 0 0 0 0 0 0 
156 204 0 0 0 0 0 0 0 0 0 0 0 0 0 0 
12 212 0 0 0 0 0 0 0 0 0 0 0 0 0 0 
20 212 0 0 0 0 0 0 0 0 0 0 0 0 0 0 
28 212 0 0 0 0 0 0 0 0 0 0 0 0 0 0 
36 212 0 0 0 0 0 0 0 0 0 0 0 0 0 0 
44 212 0 0 0 0 0 0 0 0 0 0 0 0 0 0 
52 212 0 0 0 0 0 0 0 0 0 0 0 0 0 0 
60 212 0 0 0 0 0 0 0 0 0 0 0 0 0 0 
68 212 0 0 0 0 0 0 0 0 0 0 0 0 0 0 
76 212 0 0 0 0 0 0 0 0 0 0 0 0 0 0 
84 212 0 0 0 0 0 0 0 0 0 0 0 0 0 0 
92 212 0 0 0 0 0 0 0 0 0 0 0 0 0 0 
100 212 0 0 0 0 0 0 0 0 0 0 0 0 0 0 
108 212 0 0 0 0 0 0 0 0 0 0 0 0 0 0 
116 212 0 0 0 0 0 0 0 0 0 0 0 0 0 0 
124 212 0 0 0 0 0 0 0 0 0 0 0 0 0 0 
132 212 0 0 0 0 0 0 0 0 0 0 0 0 0 0 
140 212 0 0 0 0 0 0 0 0 0 0 0 0 0 0 
148 212 0 0 0 0 0 0 0 0 0 0 0 0 0 0 
156 212 0 0 0 0 0 0 0 0 0 0 0 0 0 0 
12 220 0 0 0 0 0 0 0 0 0 0 0 0 0 0 
20 220 0 0 0 0 0 0 0 0 0 0 0 0 0 0 
28 220 0 0 0 0 0 0 0 0 0 0 0 0 0 0 
36 220 0 0 0 0 0 0 0 0 0 0 0 0 0 0 
44 220 0 0 0 0 0 0 0 0 0 0 0 0 0 0 
52 220 0 0 0 0 0 0 0 0 0 0 0 0 0 0 
60 220 0 0 0 0 0 0 0 0 0 0 0 0 0 0 
68 220 0 0 0 0 0 0 0 0 0 0 0 0 0 0 
76 220 0 0 0 0 0 0 0 0 0 0 0 0 0 0 
84 220 0 0 0 0 0 0 0 0 0 0 0 0 0 0 
92 220 0 0 0 0 0 0 0 0 0 0 0 0 0 0 
100 220 0 0 0 0 0 0 0 0 0 0 0 0 0 0 
108 220 0 0 0 0 0 0 0 0 0 0 0 0 0 0 
116 220 0 0 0 0 0 0 0 0 0 0 0 0 0 0 
124 220 0 0 0 0 0 0 0 0 0 0 0 0 0 0 
132 220 0 0 0 0 0 0 0 0 0 0 0 0 0 0 
140 220 0 0 0 0 0 0 0 0 0 0 0 0 0 0 
148 220 0 0 0 0 0 0 0 0 0 0 0 0 0 0 
156 220 0 0 0 0 0 0 0 0 0 0 0 0 0 0 
12 228 0 0 0 0 0 0 0 0 0 0 0 0 0 0 
20 228 0 0 0 0 0 0 0 0 0 0 0 0 0 0 
28 228 0 0 0 0 0 0 0 0 0 0 0 0 0 0 
36 228 0 0 0 0 0 0 0 0 0 0 0 0 0 0 
44 228 0 0 0 0 0 0 0 0 0 0 0 0 0 0 
52 228 0 0 0 0 0 0 0 0 0 0 0 0 0 0 
60 228 0 0 0 0 0 0 0 0 0 0 0 0 0 0 
68 228 0 0 0 0 0 0 0 0 0 0 0 0 0 0 
76 228 0 0 0 0 0 0 0 0 0 0 0 0 0 0 
84 228 0 0 0 0 0 0 0 0 0 0 0 0 0 0 
92 228 0 0 0 0 0 0 0 0 0 0 0 0 0 0 
100 228 0 0 0 0 0 0 0 0 0 0 0 0 0 0 
108 228 0 0 0 0 0 0 0 0 0 0 0 0 0 0 
116 228 0 0 0 0 0 0 0 0 0 0 0 0 0 0 
124 228 0 0 0 0 0 0 0 0 0 0 0 0 0 0 
132 228 0 0 0 0 0 0 0 0 0 0 0 0 0 0 
140 228 0 0 0 0 0 0 0 0 0 0 0 0 0 0 
148 228 0 0 0 0 0 0 0 0 0 0 0 0 0 0 
156 228 0 0 0 0 0 0 0 0 0 0 0 0 0 0 
