12 12 0 0 0 0 0 0 0 0 0 0 0 0 0 0 
20 12 0 0 0 0 0 0 0 0 0 0 0 0 0 0 
28 12 0 0 0 0 0 0 0 0 0 0 0 0 0 0 
36 12 0 0 0 0 0 0 0 0 0 0 0 0 0 0 
44 12 0 0 0 0 0 0 0 0 0 0 0 0 0 0 
52 12 0 0 0 0 0 0 0 0 0 0 0 0 0 0 
60 12 0 0 0 0 0 0 0 0 0 0 0 0 0 0 
68 12 0 0 0 0 0 0 0 0 0 0 0 0 0 0 
76 12 0 0 0 0 0 0 0 0 0 0 0 0 0 0 
84 12 0 0 0 0 0 0 0 0 0 0 0 0 0 0 
92 12 0 0 0 0 0 0 0 0 0 0 0 0 0 0 
100 12 0 0 0 0 0 0 0 0 0 0 0 0 0 0 
108 12 0 0 0 0 0 0 0 0 0 0 0 0 0 0 
116 12 0 0 0 0 0 0 0 0 0 0 0 0 0 0 
124 12 0 0 0 0 0 0 0 0 0 0 0 0 0 0 
132 12 0 0 0 0 0 0 0 0 0 0 0 0 0 0 
140 12 0 0 0 0 0 0 0 0 0 0 0 0 0 0 
148 12 0 0 0 0 0 0 0 0 0 0 0 0 0 0 
156 12 0 0 0 0 0 0 0 0 0 0 0 0 0 0 
12 20 0 0 0 0 0 0 0 0 0 0 0 0 0 0 
20 20 0 0 0 0 0 0 0 0 0 0 0 0 0 0 
28 20 0 0 0 0 0 0 0 0 0 0 0 0 0 0 
36 20 0 0 0 0 0 0 0 0 0 0 0 0 0 0 
44 20 0 0 0 0 0 0 0 0 0 0 0 0 0 0 
52 20 0 0 0 0 0 0 0 0 0 0 0 0 0 0 
60 20 0 0 0 0 0 0 0 0 0 0 0 0 0 0 
68 20 0 0 0 0 0 0 0 0 0 0 0 0 0 0 
76 20 0 0 0 0 0 0 0 0 0 0 0 0 0 0 
84 20 0 0 0 0 0 0 0 0 0 0 0 0 0 0 
92 20 0 0 0 0 0 0 0 0 0 0 0 0 0 0 
100 20 0 0 0 0 0 0 0 0 0 0 0 0 0 0 
108 20 0 0 0 0 0 0 0 0 0 0 0 0 0 0 
116 20 0 0 0 0 0 0 0 0 0 0 0 0 0 0 
124 20 0 0 0 0 0 0 0 0 0 0 0 0 0 0 
132 20 0 0 0 0 0 0 0 0 0 0 0 0 0 0 
140 20 0 0 0 0 0 0 0 0 0 0 0 0 0 0 
148 20 0 0 0 0 0 0 0 0 0 0 0 0 0 0 
156 20 0 0 0 0 0 0 0 0 0 0 0 0 0 0 
12 28 0 0 0 0 0 0 0 0 0 0 0 0 0 0 
20 28 0 0 0 0 0 0 0 0 0 0 0 0 0 0 
28 28 0 0 0 0 0 0 0 0 0 0 0 0 0 0 
36 28 0 0 0 0 0 0 0 0 0 0 0 0 0 0 
44 28 0 0 0 0 0 0 0 0 0 0 0 0 0 0 
52 28 0 0 0 0 0 0 0 0 0 0 0 0 0 0 
60 28 0 0 0 0 0 0 0 0 0 0 0 0 0 0 
68 28 0 0 0 0 0 0 0 0 0 0 0 0 0 0 
76 28 0 0 0 0 0 0 0 0 0 0 0 0 0 0 
84 28 3.809879222028 -2.028542038271 4.316267193707 0 0.998198747635 -8 2 8.246211251235 0 0.998070776463 0 0 0 0 
92 28 4.513947109412 -2.067371070422 4.964850617026 0 0.985858440399 4.513947109412 -2.067371070422 4.964850617026 0 0.985858440399 0 0 0 0 
100 28 4.058743389917 -1.657329283022 4.384077811531 0 0.96138638258 4.058743389917 -1.657329283022 4.384077811531 0 0.96138638258 0 0 0 0 
108 28 -8 -1 8.062257748299 0 0.928172886372 0.254940211059 -1.606554896148 1.626657046076 0 0.914574503899 0 0 0 0 
116 28 0.135850247901 -1.243831655604 1.251228387361 0 0.997563242912 0.135850247901 -1.243831655604 1.251228387361 0 0.997563242912 0 0 0 0 
124 28 1.792680749512 -0.041657132221 1.793164684667 0 0.99881708622 8 7 10.630145812735 0 0.969836235046 0 0 0 0 
132 28 0 0 0 0 0 0 0 0 0 0 0 0 0 0 
140 28 0 0 0 0 0 0 0 0 0 0 0 0 0 0 
148 28 0 0 0 0 0 0 0 0 0 0 0 0 0 0 
156 28 0 0 0 0 0 0 0 0 0 0 0 0 0 0 
12 36 0 0 0 0 0 0 0 0 0 0 0 0 0 0 
20 36 0 0 0 0 0 0 0 0 0 0 0 0 0 0 
28 36 0 0 0 0 0 0 0 0 0 0 0 0 0 0 
36 36 0 0 0 0 0 0 0 0 0 0 0 0 0 0 
44 36 0 0 0 0 0 0 0 0 0 0 0 0 0 0 
52 36 0 0 0 0 0 0 0 0 0 0 0 0 0 0 
60 36 0 0 0 0 0 0 0 0 0 0 0 0 0 0 
68 36 4.107626973082 -3.928202958243 5.683606058757 0 0.999904453754 -6 8 10 0 0.874400854111 0 0 0 0 
76 36 1.049515153395 -2.151976202404 2.394260560783 0 0.992736399174 1.049515153395 -2.151976202404 2.394260560783 0 0.992736399174 0 0 0 0 
84 36 2.441747630962 -1.990467751852 3.150252904843 0 0.984057962894 2.441747630962 -1.990467751852 3.150252904843 0 0.984057962894 0 0 0 0 
92 36 2.72278601083 -1.839600612363 3.2859844908 0 0.99167662859 2.72278601083 -1.839600612363 3.2859844908 0 0.99167662859 0 0 0 0 
100 36 3.402680625525 -1.940233612188 3.916981224002 0 0.992656946182 3.402680625525 -1.940233612188 3.916981224002 0 0.992656946182 0 0 0 0 
108 36 0.768876720917 -1.406231637373 1.602703600145 0 0.978950560093 -8 -1 8.062257748299 0 0.975974202156 0 0 0 0 
116 36 -0.147466418249 -0.909402774506 0.92128158062 0 0.996809303761 -0.147466418249 -0.909402774506 0.92128158062 0 0.996809303761 0 0 0 0 
124 36 -1.42088445203 -1.632278571931 2.164080858565 0 0.991682350636 -1.42088445203 -1.632278571931 2.164080858565 0 0.991682350636 0 0 0 0 
132 36 2.024785729474 2.076537451811 2.900304301114 0 0.999616205692 -8 -8 11.313708498985 0 0.998717367649 0 0 0 0 
140 36 0 0 0 0 0 0 0 0 0 0 0 0 0 0 
148 36 0 0 0 0 0 0 0 0 0 0 0 0 0 0 
156 36 0 0 0 0 0 0 0 0 0 0 0 0 0 0 
12 44 0 0 0 0 0 0 0 0 0 0 0 0 0 0 
20 44 0 0 0 0 0 0 0 0 0 0 0 0 0 0 
28 44 0 0 0 0 0 0 0 0 0 0 0 0 0 0 
36 44 0 0 0 0 0 0 0 0 0 0 0 0 0 0 
44 44 0 0 0 0 0 0 0 0 0 0 0 0 0 0 
52 44 0 0 0 0 0 0 0 0 0 0 0 0 0 0 
60 44 4.03367949842 -3.8497370755 5.575934526736 0 0.99977260828 -4 8 8.944271909999 0 0.959804236889 0 0 0 0 
68 44 4.066830940435 -3.880307738696 5.62102322047 0 0.999375939369 -5 8 9.433981132057 0 0.982259452343 0 0 0 0 
76 44 3.024697010361 -3.034622378175 4.284591577106 0 0.993159890175 -7 8 10.630145812735 0 0.807692229748 0 0 0 0 
84 44 2.30486769047 -2.033200055423 3.073486218603 0 0.981873393059 2.30486769047 -2.033200055423 3.073486218603 0 0.981873393059 0 0 0 0 
92 44 1.571067932071 -1.340440637075 2.06519624944 0 0.970331609249 -8 2 8.246211251235 0 0.905536234379 0 0 0 0 
100 44 1.745122799974 -1.363709221449 2.214758774146 0 0.965086936951 1 8 8.062257748299 0 0.61741155386 0 0 0 0 
108 44 0.814140362343 -1.295619724642 1.530181361956 0 0.825831592083 0 8 8 0 0.104595735669 0 0 0 0 
116 44 -0.258888574174 -0.743421477442 0.787209493693 0 0.98775857687 -8 8 11.313708498985 0 0.265948206186 0 0 0 0 
124 44 2.20604571594 1.876659198992 2.896288564694 0 0.995622575283 2.20604571594 1.876659198992 2.896288564694 0 0.995622575283 0 0 0 0 
132 44 0.902311534188 1.148776616147 1.460771651743 0 0.996123194695 0.902311534188 1.148776616147 1.460771651743 0 0.996123194695 0 0 0 0 
140 44 -0.01269097344 -0.000302589232 0.012694580225 0 0.999820828438 -0.01269097344 -0.000302589232 0.012694580225 0 0.999820828438 0 0 0 0 
148 44 0 0 0 0 0 0 0 0 0 0 0 0 0 0 
156 44 0 0 0 0 0 0 0 0 0 0 0 0 0 0 
12 52 0 0 0 0 0 0 0 0 0 0 0 0 0 0 
20 52 0 0 0 0 0 0 0 0 0 0 0 0 0 0 
28 52 0 0 0 0 0 0 0 0 0 0 0 0 0 0 
36 52 0 0 0 0 0 0 0 0 0 0 0 0 0 0 
44 52 0 0 0 0 0 0 0 0 0 0 0 0 0 0 
52 52 2.352576976255 -2.024581727109 3.103795998282 0 0.997096121311 8 -8 11.313708498985 0 0.938363611698 0 0 0 0 
60 52 -2.979772655106 4.675314757151 5.544151256464 0 0.990165472031 -2.979772655106 4.675314757151 5.544151256464 0 0.990165472031 0 0 0 0 
68 52 4.048815737161 -3.852975430046 5.589125918963 0 0.992447853088 4.048815737161 -3.852975430046 5.589125918963 0 0.992447853088 0 0 0 0 
76 52 3.614306476225 -3.927524073263 5.337476618229 0 0.981916725636 -5 8 9.433981132057 0 0.961272060871 0 0 0 0 
84 52 0.988615615758 -2.747112191274 2.919586653478 0 0.842739641666 -8 6 10 0 0.382709294558 0 0 0 0 
92 52 1.214372556049 -1.223208325545 1.723641294634 0 0.753058731556 -4 8 8.944271909999 0 0.586449682713 0 0 0 0 
100 52 1.421817690717 -0.753859384972 1.60930715463 0 0.948284566402 1.421817690717 -0.753859384972 1.60930715463 0 0.948284566402 0 0 0 0 
108 52 0.36863217998 -0.025434073596 0.36950856041 0 0.928321778774 8 -8 11.313708498985 0 0.104739286005 0 0 0 0 
116 52 0.004502981937 0.111974320147 0.112064825966 0 0.929051756859 0.004502981937 0.111974320147 0.112064825966 0 0.929051756859 0 0 0 0 
124 52 -1.8307206864 -1.109059746395 2.140455968407 0 0.978490829468 -1.8307206864 -1.109059746395 2.140455968407 0 0.978490829468 0 0 0 0 
132 52 -0.098690605884 0.213078552217 0.234823987498 0 0.994220852852 -8 7 10.630145812735 0 0.573825836182 0 0 0 0 
140 52 -0.224923198589 -0.047661473 0.229917509712 0 0.99720531702 -0.224923198589 -0.047661473 0.229917509712 0 0.99720531702 0 0 0 0 
148 52 -0.497794474082 6.076663308354 6.097018640412 0 1 -2 -8 8.246211251235 0 1 0 0 0 0 
156 52 0 0 0 0 0 0 0 0 0 0 0 0 0 0 
12 60 0 0 0 0 0 0 0 0 0 0 0 0 0 0 
20 60 0 0 0 0 0 0 0 0 0 0 0 0 0 0 
28 60 0 0 0 0 0 0 0 0 0 0 0 0 0 0 
36 60 0 0 0 0 0 0 0 0 0 0 0 0 0 0 
44 60 0 0 0 0 0 0 0 0 0 0 0 0 0 0 
52 60 3.806167112132 -4.247207820715 5.703129172465 0 0.995622456074 -1 8 8.062257748299 0 0.903628230095 0 0 0 0 
60 60 3.299678917419 -2.637670807127 4.224356548023 0 0.990700900555 3.299678917419 -2.637670807127 4.224356548023 0 0.990700900555 0 0 0 0 
68 60 1.711156777955 -1.36445622897 2.188560787256 0 0.986651182175 1.711156777955 -1.36445622897 2.188560787256 0 0.986651182175 0 0 0 0 
76 60 3.043053924398 -1.513344600045 3.398586333357 0 0.910300672054 8 8 11.313708498985 0 -0.306630313396 0 0 0 0 
84 60 2.469359704637 -1.202129817065 2.746425576629 0 0.877091526985 -8 3 8.544003745318 0 0.229179367423 0 0 0 0 
92 60 1.130221596356 -0.615595339358 1.286995912468 0 0.900345683098 1.130221596356 -0.615595339358 1.286995912468 0 0.900345683098 0 0 0 0 
100 60 0.181847089483 -0.50356702926 0.535395290334 0 0.951518058777 0.181847089483 -0.50356702926 0.535395290334 0 0.951518058777 0 0 0 0 
108 60 -0.100805585677 -0.276240312192 0.29405862712 0 0.930651247501 -0.100805585677 -0.276240312192 0.29405862712 0 0.930651247501 0 0 0 0 
116 60 -0.621019963012 -1.963043464685 2.058933082619 0 0.935857117176 -0.621019963012 -1.963043464685 2.058933082619 0 0.935857117176 0 0 0 0 
124 60 -1.275706584775 -1.992155969406 2.365610427961 0 0.83975893259 8 -8 11.313708498985 0 0.572099745274 0 0 0 0 
132 60 -0.868293991817 -1.815820829956 2.012744331187 0 0.968493402004 -8 6 10 0 0.569112837315 0 0 0 0 
140 60 -1.10158778907 -1.655189498902 1.988252482534 0 0.980766236782 -1.10158778907 -1.655189498902 1.988252482534 0 0.980766236782 0 0 0 0 
148 60 -2 -8 8.246211251235 0 0.998229265213 -2.014697071312 2.245086088282 3.0165237995 0 0.838046610355 0 0 0 0 
156 60 0 0 0 0 0 0 0 0 0 0 0 0 0 0 
12 68 0 0 0 0 0 0 0 0 0 0 0 0 0 0 
20 68 0 0 0 0 0 0 0 0 0 0 0 0 0 0 
28 68 0 0 0 0 0 0 0 0 0 0 0 0 0 0 
36 68 0 0 0 0 0 0 0 0 0 0 0 0 0 0 
44 68 -2.441361439869 4.710119259764 5.305230355157 0 0.994730770588 8 -8 11.313708498985 0 0.587564170361 0 0 0 0 
52 68 3.403833489752 -1.811023812449 3.855630904951 0 0.953789532185 -5 8 9.433981132057 0 0.888187229633 0 0 0 0 
60 68 3.137752066069 -2.393929223666 3.946692939163 0 0.969193458557 3.137752066069 -2.393929223666 3.946692939163 0 0.969193458557 0 0 0 0 
68 68 2.586343632355 -3.349186962072 4.231574965841 0 0.946804642677 -2 8 8.246211251235 0 0.798184633255 0 0 0 0 
76 68 1.965863039226 -1.191113616044 2.298558055678 0 0.928112328053 -8 -8 11.313708498985 0 -0.111011020839 0 0 0 0 
84 68 1.253340039476 0.247035830226 1.277453700128 0 0.937864780426 -8 -8 11.313708498985 0 -0.010523924604 0 0 0 0 
92 68 1.103409276011 0.767290443969 1.343966761417 0 0.782368957996 1.103409276011 0.767290443969 1.343966761417 0 0.782368957996 0 0 0 0 
100 68 0.721856694404 -0.010894837715 0.721938906518 0 0.836133897305 5 -8 9.433981132057 0 0.411987870932 0 0 0 0 
108 68 -0.072763981181 -0.361188178811 0.368444700695 0 0.901792526245 -0.072763981181 -0.361188178811 0.368444700695 0 0.901792526245 0 0 0 0 
116 68 -1.78551337952 2.189628870431 2.825337611449 0 0.735040783882 3.2287585869 5.992800936418 6.807242104995 0 0.560117125511 0 0 0 0 
124 68 -0.212292644549 -2.239533791523 2.249573241818 0 0.754255056381 8 8 11.313708498985 0 0.624094247818 0 0 0 0 
132 68 -1.569332861771 3.015481099281 3.399401696056 0 0.986357390881 -8 -2 8.246211251235 0 0.509685814381 0 0 0 0 
140 68 -1.391562822377 1.851484966302 2.316126868084 0 0.992952048779 -1.391562822377 1.851484966302 2.316126868084 0 0.992952048779 0 0 0 0 
148 68 -3.168729944086 2.075419243596 3.787903707229 0 0.868778765202 -3.168729944086 2.075419243596 3.787903707229 0 0.868778765202 0 0 0 0 
156 68 0 0 0 0 0 0 0 0 0 0 0 0 0 0 
12 76 0 0 0 0 0 0 0 0 0 0 0 0 0 0 
20 76 0 0 0 0 0 0 0 0 0 0 0 0 0 0 
28 76 0 0 0 0 0 0 0 0 0 0 0 0 0 0 
36 76 2.498070677286 0.10803519256 2.50040570939 0 0.997548401356 6.497976332285 -7.076833378332 9.607563014606 0 0.976570427418 0 0 0 0 
44 76 2.305223716327 0.463162492576 2.351292384381 0 0.991520047188 2.305223716327 0.463162492576 2.351292384381 0 0.991520047188 0 0 0 0 
52 76 4.145173243494 -1.537326570139 4.421067088592 0 0.984581291676 4.145173243494 -1.537326570139 4.421067088592 0 0.984581291676 0 0 0 0 
60 76 3.639409051165 -1.328253466047 3.874216761071 0 0.981448113918 -3.310031796993 5.646442054438 6.545121723179 0 0.904637515545 0 0 0 0 
68 76 2.323242450361 -0.949563234744 2.509805932724 0 0.94367402792 -8 -8 11.313708498985 0 0.539582312107 0 0 0 0 
76 76 1.110348519183 -0.605701770565 1.264811633769 0 0.985634505749 1.110348519183 -0.605701770565 1.264811633769 0 0.985634505749 0 0 0 0 
84 76 0.949283204153 -0.390031536645 1.026286120565 0 0.988595128059 0.949283204153 -0.390031536645 1.026286120565 0 0.988595128059 0 0 0 0 
92 76 1.598308936957 -0.049421542244 1.59907283974 0 0.948268353939 1.598308936957 -0.049421542244 1.59907283974 0 0.948268353939 0 0 0 0 
100 76 1.393722071613 -0.166218117814 1.403598830005 0 0.893098115921 1.393722071613 -0.166218117814 1.403598830005 0 0.893098115921 0 0 0 0 
108 76 0.846586209509 -0.494872119495 0.980615431647 0 0.867824733257 -8 0 8 0 0.50117367506 0 0 0 0 
116 76 -1.058808273626 0.526883845689 1.182658677365 0 0.764062941074 8 8 11.313708498985 0 0.059497389942 0 0 0 0 
124 76 0.208895687389 1.464145827047 1.478972755351 0 0.717384636402 -4.233388260899 -4.148403774017 5.927126625929 0 0.414770901203 0 0 0 0 
132 76 -1.824910279206 4.235706040946 4.612103987602 0 0.992202281952 -8 -8 11.313708498985 0 0.484993696213 0 0 0 0 
140 76 -1.984723149779 3.888827320544 4.366016938844 0 0.995924174786 -1.984723149779 3.888827320544 4.366016938844 0 0.995924174786 0 0 0 0 
148 76 -2.497791666413 3.959461242141 4.681484437315 0 1 -0.498389448707 -2.623943919278 2.670856367179 0 0.971505641937 0 0 0 0 
156 76 0 0 0 0 0 0 0 0 0 0 0 0 0 0 
12 84 0 0 0 0 0 0 0 0 0 0 0 0 0 0 
20 84 0 0 0 0 0 0 0 0 0 0 0 0 0 0 
28 84 0 0 0 0 0 0 0 0 0 0 0 0 0 0 
36 84 3.684283845697 -5.725191174958 6.808212793786 0 0.941368281841 3.684283845697 -5.725191174958 6.808212793786 0 0.941368281841 0 0 0 0 
44 84 2.280022152075 0.649713454735 2.370786491276 0 0.993086099625 2.280022152075 0.649713454735 2.370786491276 0 0.993086099625 0 0 0 0 
52 84 2.348430643608 0.458208861811 2.392714326634 0 0.984311819077 2.348430643608 0.458208861811 2.392714326634 0 0.984311819077 0 0 0 0 
60 84 1.301374613169 -0.91524830106 1.590991934736 0 0.783898234367 1.301374613169 -0.91524830106 1.590991934736 0 0.783898234367 0 0 0 0 
68 84 0.944870408773 -0.355524550644 1.009543359884 0 0.976164758205 -8 -8 11.313708498985 0 0.471234887838 0 0 0 0 
76 84 1.00094705247 -0.615119026002 1.174847402006 0 0.983116805553 -8 -8 11.313708498985 0 0.003002983518 0 0 0 0 
84 84 1.309823517037 -0.590790510953 1.436896333636 0 0.991594135761 1.309823517037 -0.590790510953 1.436896333636 0 0.991594135761 0 0 0 0 
92 84 1.12743669299 1.042610882411 1.535627216749 0 0.849274218082 1.12743669299 1.042610882411 1.535627216749 0 0.849274218082 0 0 0 0 
100 84 0.134808788282 -0.894135818913 0.904241268723 0 0.877426505089 0.134808788282 -0.894135818913 0.904241268723 0 0.877426505089 0 0 0 0 
108 84 0.269361572808 -1.591300466161 1.61393705903 0 0.858592450619 -8 1 8.062257748299 0 0.753802239895 0 0 0 0 
116 84 -0.440571875477 -0.666431791197 0.798896056931 0 0.84268540144 -8 8 11.313708498985 0 0.571999669075 0 0 0 0 
124 84 -0.881493525355 2.098345939609 2.275980342076 0 0.936729669571 -6 -8 10 0 -0.136359319091 0 0 0 0 
132 84 -1.958563153451 4.101558143147 4.545189636051 0 0.993103265762 -1.958563153451 4.101558143147 4.545189636051 0 0.993103265762 0 0 0 0 
140 84 -1.989430211635 4.094754304799 4.552454874421 0 0.990299642086 -1.989430211635 4.094754304799 4.552454874421 0 0.990299642086 0 0 0 0 
148 84 0 0 0 0 0 0 0 0 0 0 0 0 0 0 
156 84 0 0 0 0 0 0 0 0 0 0 0 0 0 0 
12 92 0 0 0 0 0 0 0 0 0 0 0 0 0 0 
20 92 0 0 0 0 0 0 0 0 0 0 0 0 0 0 
28 92 0 0 0 0 0 0 0 0 0 0 0 0 0 0 
36 92 3.433802501864 1.889608968996 3.919390472703 0 0.863523960114 7 8 10.630145812735 0 0.686491549015 0 0 0 0 
44 92 2.233326254492 2.5 3.352274773792 0 0.982551693916 2.233326254492 2.5 3.352274773792 0 0.982551693916 0 0 0 0 
52 92 2.073699664115 2.527355149758 3.269213108679 0 0.969466209412 2.073699664115 2.527355149758 3.269213108679 0 0.969466209412 0 0 0 0 
60 92 2.30385062285 5.531026275278 5.991659148368 0 0.666204869747 -2 -8 8.246211251235 0 0.067051038146 0 0 0 0 
68 92 0.959899403191 -0.692323073089 1.183519371104 0 0.947215259075 -8 -8 11.313708498985 0 -0.050340041518 0 0 0 0 
76 92 0.92534491874 -0.600069193668 1.102880889229 0 0.967602074146 0.92534491874 -0.600069193668 1.102880889229 0 0.967602074146 0 0 0 0 
84 92 0.875042972547 0.137651926395 0.885803734833 0 0.97260248661 0.875042972547 0.137651926395 0.885803734833 0 0.97260248661 0 0 0 0 
92 92 0.059039579276 1.219127815322 1.220556554205 0 0.952188849449 -8 8 11.313708498985 0 0.674335598946 0 0 0 0 
100 92 -2.890335438647 0.233196484699 2.899727495537 0 0.955425977707 -2.890335438647 0.233196484699 2.899727495537 0 0.955425977707 0 0 0 0 
108 92 -4.059030864397 -2.275938418732 4.653560705952 0 0.875691175461 -4.059030864397 -2.275938418732 4.653560705952 0 0.875691175461 0 0 0 0 
116 92 0.075646483007 -1.454232557529 1.456198723309 0 0.723391652107 -8 7 10.630145812735 0 0.235009595752 0 0 0 0 
124 92 3 -8 8.544003745318 0 0.975214779377 3 -8 8.544003745318 0 0.975214779377 0 0 0 0 
132 92 3 -8 8.544003745318 0 0.993777036667 3 -8 8.544003745318 0 0.993777036667 0 0 0 0 
140 92 1.867097444463 -4.053639494225 4.462963815253 0 0.995272815228 1.867097444463 -4.053639494225 4.462963815253 0 0.995272815228 0 0 0 0 
148 92 0 0 0 0 0 0 0 0 0 0 0 0 0 0 
156 92 0 0 0 0 0 0 0 0 0 0 0 0 0 0 
12 100 0 0 0 0 0 0 0 0 0 0 0 0 0 0 
20 100 0 0 0 0 0 0 0 0 0 0 0 0 0 0 
28 100 0 0 0 0 0 0 0 0 0 0 0 0 0 0 
36 100 2.590993686733 2.927329502372 3.909284627671 0 0.999022960663 5 8 9.433981132057 0 0.851236522198 0 0 0 0 
44 100 1.844935448811 3.48346316058 3.941865345417 0 0.99013876915 1.844935448811 3.48346316058 3.941865345417 0 0.99013876915 0 0 0 0 
52 100 1.116742916442 0.714110801171 1.325544785276 0 0.992356479168 1.116742916442 0.714110801171 1.325544785276 0 0.992356479168 0 0 0 0 
60 100 -0.88199206738 -2.259830739269 2.425849331072 0 0.951052486897 -0.88199206738 -2.259830739269 2.425849331072 0 0.951052486897 0 0 0 0 
68 100 1.785487909312 -0.026319572457 1.785681884938 0 0.950992941856 1.785487909312 -0.026319572457 1.785681884938 0 0.950992941856 0 0 0 0 
76 100 1.06669198614 0.146330879739 1.076682181361 0 0.934707581997 1.06669198614 0.146330879739 1.076682181361 0 0.934707581997 0 0 0 0 
84 100 -0.618197768503 0.406526651712 0.739886747776 0 0.869669318199 8 -8 11.313708498985 0 0.558588385582 0 0 0 0 
92 100 -1.595597958456 0.128794374791 1.60078756742 0 0.820728063583 -8 8 11.313708498985 0 0.327278494835 0 0 0 0 
100 100 -2.817096804352 0.037974927965 2.81735274686 0 0.843630671501 -2.817096804352 0.037974927965 2.81735274686 0 0.843630671501 0 0 0 0 
108 100 -0.986854629894 2.591328333745 2.772880198244 0 0.889636933804 -0.986854629894 2.591328333745 2.772880198244 0 0.889636933804 0 0 0 0 
116 100 -0.296465342836 -0.93271418956 0.978696816644 0 0.868611752987 -5.684549477378 -5.501413864612 7.910730514339 0 0.680974543095 0 0 0 0 
124 100 -0.146141280706 -2.20371161617 2.208552050817 0 0.992580235004 -0.146141280706 -2.20371161617 2.208552050817 0 0.992580235004 0 0 0 0 
132 100 2.064818415143 -6.81226394607 7.118315471966 0 0.993370473385 2.064818415143 -6.81226394607 7.118315471966 0 0.993370473385 0 0 0 0 
140 100 -4.470478801591 6.312082583983 7.734828198642 0 0.988839745522 -3.11024499512 0.704112548944 3.188949421244 0 0.892741322517 0 0 0 0 
148 100 0 0 0 0 0 0 0 0 0 0 0 0 0 0 
156 100 0 0 0 0 0 0 0 0 0 0 0 0 0 0 
12 108 0 0 0 0 0 0 0 0 0 0 0 0 0 0 
20 108 0 0 0 0 0 0 0 0 0 0 0 0 0 0 
28 108 0 0 0 0 0 0 0 0 0 0 0 0 0 0 
36 108 0 0 0 0 0 0 0 0 0 0 0 0 0 0 
44 108 0.999575958496 1.354132292139 1.683100223224 0 0.99339145422 0.999575958496 1.354132292139 1.683100223224 0 0.99339145422 0 0 0 0 
52 108 0.30518668542 -1.463869589985 1.49534380309 0 0.995901465416 0.30518668542 -1.463869589985 1.49534380309 0 0.995901465416 0 0 0 0 
60 108 0.120396720711 -1.215539801461 1.221487772879 0 0.990286707878 0.120396720711 -1.215539801461 1.221487772879 0 0.990286707878 0 0 0 0 
68 108 1.393711887729 -0.277235448098 1.421018057479 0 0.937720537186 1.393711887729 -0.277235448098 1.421018057479 0 0.937720537186 0 0 0 0 
76 108 -0.769514269593 -0.213137692075 0.798485996677 0 0.925515115261 -0.769514269593 -0.213137692075 0.798485996677 0 0.925515115261 0 0 0 0 
84 108 -0.775742517606 -0.122214907215 0.785310726507 0 0.949512004852 -8 -5 9.433981132057 0 0.849509954453 0 0 0 0 
92 108 -0.571068819766 -0.38541460608 0.688958645703 0 0.930580496788 -0.571068819766 -0.38541460608 0.688958645703 0 0.930580496788 0 0 0 0 
100 108 -1.073615589609 -0.142611081889 1.083045869264 0 0.817659437656 -1.073615589609 -0.142611081889 1.083045869264 0 0.817659437656 0 0 0 0 
108 108 -2.446444263088 0.703527144311 2.545592264126 0 0.945220589638 -2.446444263088 0.703527144311 2.545592264126 0 0.945220589638 0 0 0 0 
116 108 -0.927073191296 0.844985860362 1.25437865345 0 0.98451590538 -0.927073191296 0.844985860362 1.25437865345 0 0.98451590538 0 0 0 0 
124 108 0.117782049595 -1.513550312696 1.518126200376 0 0.997758328915 0.117782049595 -1.513550312696 1.518126200376 0 0.997758328915 0 0 0 0 
132 108 -0.063017882733 -1.992110679577 1.99310717555 0 0.999537885189 -0.063017882733 -1.992110679577 1.99310717555 0 0.999537885189 0 0 0 0 
140 108 0 0 0 0 0 0 0 0 0 0 0 0 0 0 
148 108 0 0 0 0 0 0 0 0 0 0 0 0 0 0 
156 108 0 0 0 0 0 0 0 0 0 0 0 0 0 0 
12 116 0 0 0 0 0 0 0 0 0 0 0 0 0 0 
20 116 0 0 0 0 0 0 0 0 0 0 0 0 0 0 
28 116 0 0 0 0 0 0 0 0 0 0 0 0 0 0 
36 116 0 0 0 0 0 0 0 0 0 0 0 0 0 0 
44 116 -0.420351230899 -0.624959202201 0.753172730345 0 0.991383969784 -2.618414040547 -7.261374207206 7.719044465788 0 0.988395869732 0 0 0 0 
52 116 0.347682203207 -1.344893377922 1.389108027623 0 0.995961546898 0.347682203207 -1.344893377922 1.389108027623 0 0.995961546898 0 0 0 0 
60 116 1.800748629011 0.10999445593 1.804104876447 0 0.990667760372 1.800748629011 0.10999445593 1.804104876447 0 0.990667760372 0 0 0 0 
68 116 2.192143407151 0.098054134325 2.194335282215 0 0.981145739555 2.192143407151 0.098054134325 2.194335282215 0 0.981145739555 0 0 0 0 
76 116 -4.897814714783 0.004522624243 4.89781680287 0 0.909950554371 -4.897814714783 0.004522624243 4.89781680287 0 0.909950554371 0 0 0 0 
84 116 -1.492027349556 1.216222940078 1.924926973107 0 0.863017141819 -1.492027349556 1.216222940078 1.924926973107 0 0.863017141819 0 0 0 0 
92 116 -0.080171707176 -0.837057189101 0.84088776924 0 0.908461868763 -0.080171707176 -0.837057189101 0.84088776924 0 0.908461868763 0 0 0 0 
100 116 0.350813593386 -2.501523221686 2.526002495236 0 0.908562064171 0.350813593386 -2.501523221686 2.526002495236 0 0.908562064171 0 0 0 0 
108 116 -1.96045205645 -0.153821589963 1.966477395542 0 0.944954276085 -1.96045205645 -0.153821589963 1.966477395542 0 0.944954276085 0 0 0 0 
116 116 -0.972975280738 0.226278312051 0.99894082479 0 0.992991030216 -0.972975280738 0.226278312051 0.99894082479 0 0.992991030216 0 0 0 0 
124 116 -1.188734785834 0.530570567012 1.301766306843 0 0.996171951294 -1.188734785834 0.530570567012 1.301766306843 0 0.996171951294 0 0 0 0 
132 116 0.02277635715 -1.764767269438 1.764914240898 0 0.99841427803 2 -8 8.246211251235 0 0.966931045055 0 0 0 0 
140 116 0 0 0 0 0 0 0 0 0 0 0 0 0 0 
148 116 0 0 0 0 0 0 0 0 0 0 0 0 0 0 
156 116 0 0 0 0 0 0 0 0 0 0 0 0 0 0 
12 124 0 0 0 0 0 0 0 0 0 0 0 0 0 0 
20 124 0 0 0 0 0 0 0 0 0 0 0 0 0 0 
28 124 0 0 0 0 0 0 0 0 0 0 0 0 0 0 
36 124 0 0 0 0 0 0 0 0 0 0 0 0 0 0 
44 124 -6 8 10 0 1 0.120835142095 2.166673403849 2.170040269329 0 1 0 0 0 0 
52 124 2.719483067282 -0.685404867255 2.804526338847 0 0.990022242069 2.719483067282 -0.685404867255 2.804526338847 0 0.990022242069 0 0 0 0 
60 124 1.841078509846 -0.06341418991 1.842170306703 0 0.989534497261 1.841078509846 -0.06341418991 1.842170306703 0 0.989534497261 0 0 0 0 
68 124 1.632395613135 0.126867335838 1.637318160495 0 0.977024674416 1.632395613135 0.126867335838 1.637318160495 0 0.977024674416 0 0 0 0 
76 124 -6.76374943687 0.657725784578 6.79565373253 0 0.930614471436 -6.76374943687 0.657725784578 6.79565373253 0 0.930614471436 0 0 0 0 
84 124 -0.53743488538 1.070341583381 1.197692515271 0 0.797631084919 -8 0 8 0 0.682472407818 0 0 0 0 
92 124 -0.154397714625 -0.188174777419 0.243409944616 0 0.888189435005 -0.154397714625 -0.188174777419 0.243409944616 0 0.888189435005 0 0 0 0 
100 124 -1.768199292215 2.064384803781 2.718126809969 0 0.75233232975 -1.768199292215 2.064384803781 2.718126809969 0 0.75233232975 0 0 0 0 
108 124 -1.877756891718 -0.052611597989 1.878493791482 0 0.862071216106 8 -8 11.313708498985 0 0.634471654892 0 0 0 0 
116 124 -0.799603893282 -1.370712762439 1.586889997216 0 0.986504018307 -0.799603893282 -1.370712762439 1.586889997216 0 0.986504018307 0 0 0 0 
124 124 -0.737559608609 -1.549455699421 1.716044038106 0 0.990777492523 -0.737559608609 -1.549455699421 1.716044038106 0 0.990777492523 0 0 0 0 
132 124 -0.499200462882 -1.656067348472 1.729670536495 0 0.887303173542 -0.497679415834 2.395939663742 2.447082277578 0 0.862907350063 0 0 0 0 
140 124 0 0 0 0 0 0 0 0 0 0 0 0 0 0 
148 124 0 0 0 0 0 0 0 0 0 0 0 0 0 0 
156 124 0 0 0 0 0 0 0 0 0 0 0 0 0 0 
12 132 0 0 0 0 0 0 0 0 0 0 0 0 0 0 
20 132 0 0 0 0 0 0 0 0 0 0 0 0 0 0 
28 132 0 0 0 0 0 0 0 0 0 0 0 0 0 0 
36 132 -1.543040876199 5.892277182369 6.090969178996 0 0.979435682297 6.498894359043 -3.056825363419 7.181908464499 0 0.969818234444 0 0 0 0 
44 132 -0.077530768704 2.933350437389 2.934374858233 0 0.997798264027 -0.077530768704 2.933350437389 2.934374858233 0 0.997798264027 0 0 0 0 
52 132 6.756208333394 -4.174619662422 7.941901558828 0 0.992680072784 6.756208333394 -4.174619662422 7.941901558828 0 0.992680072784 0 0 0 0 
60 132 3.162048408114 -0.917896421457 3.292580139614 0 0.991486668587 3.162048408114 -0.917896421457 3.292580139614 0 0.991486668587 0 0 0 0 
68 132 0.27089366042 1.035826690133 1.070663489266 0 0.976581156254 0.27089366042 1.035826690133 1.070663489266 0 0.976581156254 0 0 0 0 
76 132 1.245056112347 -0.165854148614 1.256054266943 0 0.894557058811 1.245056112347 -0.165854148614 1.256054266943 0 0.894557058811 0 0 0 0 
84 132 1.189208903336 0.173778655161 1.20183893961 0 0.967599570751 1.189208903336 0.173778655161 1.20183893961 0 0.967599570751 0 0 0 0 
92 132 -0.003224392416 0.170380716696 0.170411224185 0 0.969410061836 -0.003224392416 0.170380716696 0.170411224185 0 0.969410061836 0 0 0 0 
100 132 -1.410772111508 0.471148243883 1.487366336288 0 0.943096637726 0 -8 8 0 0.114625021815 0 0 0 0 
108 132 -1.575193324302 0.217583359694 1.590149844304 0 0.94216376543 8 -8 11.313708498985 0 0.56276512146 0 0 0 0 
116 132 0.037032415694 1.840902842115 1.841275284665 0 0.985459208488 0.037032415694 1.840902842115 1.841275284665 0 0.985459208488 0 0 0 0 
124 132 0.006401013673 2.007350915585 2.007361121293 0 0.996822416782 0.006401013673 2.007350915585 2.007361121293 0 0.996822416782 0 0 0 0 
132 132 0.029034722908 1.990254499573 1.990466274069 0 0.999607145786 -2 -8 8.246211251235 0 0.921850383282 0 0 0 0 
140 132 0 0 0 0 0 0 0 0 0 0 0 0 0 0 
148 132 0 0 0 0 0 0 0 0 0 0 0 0 0 0 
156 132 0 0 0 0 0 0 0 0 0 0 0 0 0 0 
12 140 0 0 0 0 0 0 0 0 0 0 0 0 0 0 
20 140 0 0 0 0 0 0 0 0 0 0 0 0 0 0 
28 140 0 0 0 0 0 0 0 0 0 0 0 0 0 0 
36 140 1.991518481729 -0.79524446828 2.144425244068 0 0.992855489254 8 -8 11.313708498985 0 0.932925820351 0 0 0 0 
44 140 -1.099048679438 3.584061467928 3.748787084599 0 0.993374884129 8 -7 10.630145812735 0 0.979177594185 0 0 0 0 
52 140 -1.323353291561 3.594358968066 3.830232411434 0 0.991639196873 -1.323353291561 3.594358968066 3.830232411434 0 0.991639196873 0 0 0 0 
60 140 -0.004531622112 1.826626899649 1.826632520821 0 0.95133805275 -0.004531622112 1.826626899649 1.826632520821 0 0.95133805275 0 0 0 0 
68 140 -0.401405479148 0.40706205465 0.571686867984 0 0.948937475681 -8 -8 11.313708498985 0 0.601011693478 0 0 0 0 
76 140 0.670465033793 -0.105874905324 0.678773052733 0 0.961741149426 0.670465033793 -0.105874905324 0.678773052733 0 0.961741149426 0 0 0 0 
84 140 1.451895440101 0.272251334023 1.477200446068 0 0.98508054018 1.451895440101 0.272251334023 1.477200446068 0 0.98508054018 0 0 0 0 
92 140 -0.091850826006 0.44176859836 0.45121621063 0 0.987245202065 -0.091850826006 0.44176859836 0.45121621063 0 0.987245202065 0 0 0 0 
100 140 -0.935897662516 0.093015559158 0.940508548046 0 0.988320887089 -0.935897662516 0.093015559158 0.940508548046 0 0.988320887089 0 0 0 0 
108 140 -0.891124731227 0.176887276487 0.908511086992 0 0.981920719147 -0.891124731227 0.176887276487 0.908511086992 0 0.981920719147 0 0 0 0 
116 140 -0.551154475509 1.107400986853 1.236975424799 0 0.96145683527 -0.551154475509 1.107400986853 1.236975424799 0 0.96145683527 0 0 0 0 
124 140 -0.040736138569 2.055541388102 2.055944997121 0 0.99713653326 -0.040736138569 2.055541388102 2.055944997121 0 0.99713653326 0 0 0 0 
132 140 0.162503266033 1.910198851907 1.917098579963 0 0.996724843979 0.162503266033 1.910198851907 1.917098579963 0 0.996724843979 0 0 0 0 
140 140 0 0 0 0 0 0 0 0 0 0 0 0 0 0 
148 140 0 0 0 0 0 0 0 0 0 0 0 0 0 0 
156 140 0 0 0 0 0 0 0 0 0 0 0 0 0 0 
12 148 0 0 0 0 0 0 0 0 0 0 0 0 0 0 
20 148 0 0 0 0 0 0 0 0 0 0 0 0 0 0 
28 148 0 0 0 0 0 0 0 0 0 0 0 0 0 0 
36 148 -0.076371509829 2.826910780972 2.827942214949 0 0.982288360596 -0.076371509829 2.826910780972 2.827942214949 0 0.982288360596 0 0 0 0 
44 148 -0.290705368707 2.264674265452 2.283256258066 0 0.991475403309 -0.290705368707 2.264674265452 2.283256258066 0 0.991475403309 0 0 0 0 
52 148 -0.894574355957 2.910509269261 3.044885463329 0 0.949100971222 5.073576139644 -3.208231508131 6.00282635552 0 0.793133199215 0 0 0 0 
60 148 0.911202935828 0.854755668241 1.249359052735 0 0.86970937252 -8 -8 11.313708498985 0 0.385248631239 0 0 0 0 
68 148 -0.147823991232 0.478049117163 0.500382744311 0 0.963500142097 -0.147823991232 0.478049117163 0.500382744311 0 0.963500142097 0 0 0 0 
76 148 0.231817911024 0.631670789947 0.672865165352 0 0.986345887184 0.231817911024 0.631670789947 0.672865165352 0 0.986345887184 0 0 0 0 
84 148 0.138415776843 0.71548109662 0.728746956701 0 0.980463862419 0.138415776843 0.71548109662 0.728746956701 0 0.980463862419 0 0 0 0 
92 148 -1.32068233718 0.456765520503 1.397439292585 0 0.986351013184 -1.32068233718 0.456765520503 1.397439292585 0 0.986351013184 0 0 0 0 
100 148 -0.697970776546 0.27672063946 0.750824558213 0 0.968096137047 -0.697970776546 0.27672063946 0.750824558213 0 0.968096137047 0 0 0 0 
108 148 -1.284116916883 0.163384148295 1.29446924882 0 0.992257773876 -1.284116916883 0.163384148295 1.29446924882 0 0.992257773876 0 0 0 0 
116 148 -1.403419866903 0.230222305167 1.422177778133 0 0.959062337875 -1.403419866903 0.230222305167 1.422177778133 0 0.959062337875 0 0 0 0 
124 148 0.325943835973 1.594730880054 1.627699592679 0 0.99020254612 0.325943835973 1.594730880054 1.627699592679 0 0.99020254612 0 0 0 0 
132 148 0.298411845877 1.630454236863 1.657537525447 0 0.993148207664 0.298411845877 1.630454236863 1.657537525447 0 0.993148207664 0 0 0 0 
140 148 -0.49855410625 0.001348185152 0.498555929121 0 0.988760411739 -2.809373415736 -7.047975641621 7.587261669003 0 0.951088011265 0 0 0 0 
148 148 0 0 0 0 0 0 0 0 0 0 0 0 0 0 
156 148 0 0 0 0 0 0 0 0 0 0 0 0 0 0 
12 156 0 0 0 0 0 0 0 0 0 0 0 0 0 0 
20 156 0 0 0 0 0 0 0 0 0 0 0 0 0 0 
28 156 0 0 0 0 0 0 0 0 0 0 0 0 0 0 
36 156 0.248059096212 4.90992953858 4.916191756739 0 0.977594673634 0.248059096212 4.90992953858 4.916191756739 0 0.977594673634 0 0 0 0 
44 156 -0.759632204412 1.371380094447 1.567713127274 0 0.98944157362 -0.759632204412 1.371380094447 1.567713127274 0 0.98944157362 0 0 0 0 
52 156 -0.335206988499 4.376497724389 4.389316126314 0 0.937265455723 -0.335206988499 4.376497724389 4.389316126314 0 0.937265455723 0 0 0 0 
60 156 1.96227159076 3.839754530471 4.312102114999 0 0.912081182003 -8 8 11.313708498985 0 0.470052331686 0 0 0 0 
68 156 0.773293278181 2.63895448591 2.749920593906 0 0.968675732613 -8 8 11.313708498985 0 0.391516715288 0 0 0 0 
76 156 0.025156904647 0.142862400339 0.145060453887 0 0.948532879353 8 3 8.544003745318 0 0.135551214218 0 0 0 0 
84 156 -0.404703586583 0.700092659325 0.808649939488 0 0.928561389446 -8 8 11.313708498985 0 -0.123720280826 0 0 0 0 
92 156 -0.579488606418 0.21422757488 0.617819147329 0 0.984153985977 -0.579488606418 0.21422757488 0.617819147329 0 0.984153985977 0 0 0 0 
100 156 -0.603283572341 -0.206860768132 0.637763628665 0 0.95086568594 -0.603283572341 -0.206860768132 0.637763628665 0 0.95086568594 0 0 0 0 
108 156 -1.071575463192 0.840920037988 1.362138202828 0 0.987359941006 -1.071575463192 0.840920037988 1.362138202828 0 0.987359941006 0 0 0 0 
116 156 -1.298524215366 0.946819896326 1.607057265305 0 0.954606950283 -1.298524215366 0.946819896326 1.607057265305 0 0.954606950283 0 0 0 0 
124 156 -0.192266756848 0.075783757137 0.206663213066 0 0.988906919956 -0.192266756848 0.075783757137 0.206663213066 0 0.988906919956 0 0 0 0 
132 156 -0.177789385769 0.146903570077 0.23062897605 0 0.996488571167 -0.177789385769 0.146903570077 0.23062897605 0 0.996488571167 0 0 0 0 
140 156 0.074824115391 0.914615649292 0.917671201561 0 0.990051388741 -2.030264783145 -6.523907504348 6.832521073145 0 0.925205349922 0 0 0 0 
148 156 0 0 0 0 0 0 0 0 0 0 0 0 0 0 
156 156 0 0 0 0 0 0 0 0 0 0 0 0 0 0 
12 164 0 0 0 0 0 0 0 0 0 0 0 0 0 0 
20 164 0 0 0 0 0 0 0 0 0 0 0 0 0 0 
28 164 0 0 0 0 0 0 0 0 0 0 0 0 0 0 
36 164 -0.844462508097 1.910085010015 2.088430432901 0 0.964009165764 3 8 8.544003745318 0 0.957979977131 0 0 0 0 
44 164 -1.302555684432 1.39600024801 1.909310871359 0 0.994536042213 -1.302555684432 1.39600024801 1.909310871359 0 0.994536042213 0 0 0 0 
52 164 -1.291434114535 1.144386683354 1.725521067163 0 0.987500369549 -1.291434114535 1.144386683354 1.725521067163 0 0.987500369549 0 0 0 0 
60 164 1.134908271141 2.713777318392 2.941530913949 0 0.950084984303 -1 -8 8.062257748299 0 0.374771535397 0 0 0 0 
68 164 0.106772543037 -0.567050094609 0.577014892133 0 0.945303797722 -8 8 11.313708498985 0 0.290207713842 0 0 0 0 
76 164 -0.170605998068 -1.299193565056 1.31034740663 0 0.911001503468 7 8 10.630145812735 0 0.534667730331 0 0 0 0 
84 164 -0.99142229759 -0.107239358133 0.997205320931 0 0.811643064022 -8 8 11.313708498985 0 0.593810737133 0 0 0 0 
92 164 -0.000585348401 -0.230466515103 0.230467258448 0 0.972601354122 -0.000585348401 -0.230466515103 0.230467258448 0 0.972601354122 0 0 0 0 
100 164 -0.871009377244 0.473407821075 0.991348727897 0 0.889591693878 -3 -8 8.544003745318 0 0.721690177917 0 0 0 0 
108 164 -0.215154622016 0.712535150745 0.744310319975 0 0.970267534256 -0.215154622016 0.712535150745 0.744310319975 0 0.970267534256 0 0 0 0 
116 164 0.383263157549 0.952658661366 1.026863755817 0 0.923132836819 0.383263157549 0.952658661366 1.026863755817 0 0.923132836819 0 0 0 0 
124 164 0.09651098212 0.218864893222 0.239199103583 0 0.984770417213 0.09651098212 0.218864893222 0.239199103583 0 0.984770417213 0 0 0 0 
132 164 -0.203540159932 0.203161461159 0.287581598865 0 0.996216714382 -0.203540159932 0.203161461159 0.287581598865 0 0.996216714382 0 0 0 0 
140 164 -0.269622772175 0.58276967733 0.642119098058 0 0.942899882793 -1 8 8.062257748299 0 0.815197646618 0 0 0 0 
148 164 0 0 0 0 0 0 0 0 0 0 0 0 0 0 
156 164 0 0 0 0 0 0 0 0 0 0 0 0 0 0 
12 172 0 0 0 0 0 0 0 0 0 0 0 0 0 0 
20 172 0 0 0 0 0 0 0 0 0 0 0 0 0 0 
28 172 0 0 0 0 0 0 0 0 0 0 0 0 0 0 
36 172 2.121043258561 5.833105824174 6.206766312719 0 1 -1.833105824174 -0.166894175826 1.840687542346 0 1 0 0 0 0 
44 172 -2.196215900857 0.497013756043 2.25175197499 0 0.993079841137 4.130853366574 6.010195603842 7.292900707714 0 0.980634868145 0 0 0 0 
52 172 1.120302971273 2.909071941393 3.117335129183 0 0.985869467258 1.120302971273 2.909071941393 3.117335129183 0 0.985869467258 0 0 0 0 
60 172 0.058398020793 1.152137093494 1.153616145448 0 0.991351723671 8 -8 11.313708498985 0 0.363403618336 0 0 0 0 
68 172 1.817111063758 3.306713184145 3.773094843789 0 0.827216744423 1.817111063758 3.306713184145 3.773094843789 0 0.827216744423 0 0 0 0 
76 172 -3.03960035921 -2.097774293735 3.693213686096 0 0.797136545181 -8 8 11.313708498985 0 0.112630531192 0 0 0 0 
84 172 1.309462854526 2.244394562661 2.598461067687 0 0.8096113801 -8 -6 10 0 0.629522502422 0 0 0 0 
92 172 1.806923016117 0.005446265833 1.806931223922 0 0.928112864494 1.806923016117 0.005446265833 1.806931223922 0 0.928112864494 0 0 0 0 
100 172 0.734263669613 1.078180855686 1.304460460912 0 0.941420853138 0.734263669613 1.078180855686 1.304460460912 0 0.941420853138 0 0 0 0 
108 172 0.67988686041 0.687345888556 0.966793935373 0 0.692498385906 8 7 10.630145812735 0 0.303781807423 0 0 0 0 
116 172 2.117165921746 -1.749000064278 2.746159639396 0 0.826393485069 2.117165921746 -1.749000064278 2.746159639396 0 0.826393485069 0 0 0 0 
124 172 0.108071794188 -1.692564754484 1.696011486052 0 0.988535046577 -8 -8 11.313708498985 0 0.38959774375 0 0 0 0 
132 172 0.012641100156 -1.837549142029 1.837592622641 0 0.996444523335 -7 8 10.630145812735 0 0.759819209576 0 0 0 0 
140 172 -0.160480195766 -0.015534956068 0.161230357232 0 0.993940234184 0 -8 8 0 0.751749753952 0 0 0 0 
148 172 0 0 0 0 0 0 0 0 0 0 0 0 0 0 
156 172 0 0 0 0 0 0 0 0 0 0 0 0 0 0 
12 180 0 0 0 0 0 0 0 0 0 0 0 0 0 0 
20 180 0 0 0 0 0 0 0 0 0 0 0 0 0 0 
28 180 0 0 0 0 0 0 0 0 0 0 0 0 0 0 
36 180 0 0 0 0 0 0 0 0 0 0 0 0 0 0 
44 180 -5.128016862557 -2.843135247076 5.863443951794 0 0.998403906822 0.790195087624 1.200539724173 1.437255685611 0 0.998358607292 0 0 0 0 
52 180 -0.097778151402 0.419485298699 0.430730173909 0 0.991581439972 -8 -8 11.313708498985 0 0.883111178875 0 0 0 0 
60 180 -0.191526431286 0.040239410254 0.195707904845 0 0.991303384304 8 -8 11.313708498985 0 0.188082531095 0 0 0 0 
68 180 5.096816653979 3.896071133219 6.415365171163 0 0.981898784637 8 -8 11.313708498985 0 0.296482414007 0 0 0 0 
76 180 1.054076684276 3.122554658277 3.295667648636 0 0.866186082363 6.404979125349 -3.734224182074 7.414053401355 0 0.61894094944 0 0 0 0 
84 180 1.658887519111 -0.47323796955 1.725068687585 0 0.937702775002 -8 -8 11.313708498985 0 0.698204755783 0 0 0 0 
92 180 2.006785490248 -0.480502225212 2.063509242117 0 0.922651469707 2.006785490248 -0.480502225212 2.063509242117 0 0.922651469707 0 0 0 0 
100 180 1.227633252954 -0.630325488818 1.379997690437 0 0.938785135746 8 8 11.313708498985 0 0.205718919635 0 0 0 0 
108 180 3.546963609925 -2.19205824543 4.169660681817 0 0.948260307312 -8 -8 11.313708498985 0 0.468875437975 0 0 0 0 
116 180 -5.062928095793 5.017491472948 7.128005442217 0 0.975613594055 -8 -8 11.313708498985 0 0.469047129154 0 0 0 0 
124 180 -6.917789994038 5.997749928597 9.155808135146 0 0.967145681381 -8 -8 11.313708498985 0 0.460602343082 0 0 0 0 
132 180 0.137194465736 -2.015017471924 2.019682582384 0 0.998397827148 -7.054581212355 5.911770421888 9.204137417641 0 0.989228188992 0 0 0 0 
140 180 1.501248107583 -4.534687624901 4.776728769352 0 0.94460195303 -8 6 10 0 0.869795084 0 0 0 0 
148 180 0 0 0 0 0 0 0 0 0 0 0 0 0 0 
156 180 0 0 0 0 0 0 0 0 0 0 0 0 0 0 
12 188 0 0 0 0 0 0 0 0 0 0 0 0 0 0 
20 188 0 0 0 0 0 0 0 0 0 0 0 0 0 0 
28 188 0 0 0 0 0 0 0 0 0 0 0 0 0 0 
36 188 0 0 0 0 0 0 0 0 0 0 0 0 0 0 
44 188 0 0 0 0 0 0 0 0 0 0 0 0 0 0 
52 188 0.029788462771 0.090098520157 0.094895183485 0 0.999025285244 7.310013290216 6.912645329425 10.060862773815 0 0.991382002831 0 0 0 0 
60 188 -0.975690903026 -1.009771161102 1.404140497259 0 0.989733457565 -0.975690903026 -1.009771161102 1.404140497259 0 0.989733457565 0 0 0 0 
68 188 5.980354739839 3.940837658785 7.162041906273 0 0.992303907871 5.980354739839 3.940837658785 7.162041906273 0 0.992303907871 0 0 0 0 
76 188 2.661662176998 2.20026193329 3.453345931057 0 0.983080267906 2.661662176998 2.20026193329 3.453345931057 0 0.983080267906 0 0 0 0 
84 188 -0.169599568113 0.411382723421 0.44497163801 0 0.974385857582 -0.169599568113 0.411382723421 0.44497163801 0 0.974385857582 0 0 0 0 
92 188 -0.635818485773 0.405116979751 0.753913068021 0 0.901249587536 -0.635818485773 0.405116979751 0.753913068021 0 0.901249587536 0 0 0 0 
100 188 -0.215471751494 -0.103879202559 0.23920485868 0 0.924311518669 8 -7 10.630145812735 0 0.636035621166 0 0 0 0 
108 188 -0.15470200955 -0.268536777094 0.30991081364 0 0.987106740475 -8 -8 11.313708498985 0 0.406887739897 0 0 0 0 
116 188 -2.129431247708 1.839084752811 2.81366489951 0 0.991075992584 -2.129431247708 1.839084752811 2.81366489951 0 0.991075992584 0 0 0 0 
124 188 5.879192726636 -6.342666657764 8.648371375493 0 0.985803127289 -5.439893068707 4.587591100322 7.116068345844 0 0.981924712658 0 0 0 0 
132 188 0.099715457871 -1.768434325609 1.771243387152 0 0.998224794865 5.27037187079 -6.866737980313 8.65614869019 0 0.99653762579 0 0 0 0 
140 188 0 0 0 0 0 0 0 0 0 0 0 0 0 0 
148 188 0 0 0 0 0 0 0 0 0 0 0 0 0 0 
156 188 0 0 0 0 0 0 0 0 0 0 0 0 0 0 
12 196 0 0 0 0 0 0 0 0 0 0 0 0 0 0 
20 196 0 0 0 0 0 0 0 0 0 0 0 0 0 0 
28 196 0 0 0 0 0 0 0 0 0 0 0 0 0 0 
36 196 0 0 0 0 0 0 0 0 0 0 0 0 0 0 
44 196 0 0 0 0 0 0 0 0 0 0 0 0 0 0 
52 196 0 0 0 0 0 0 0 0 0 0 0 0 0 0 
60 196 6.170737799902 3.982018580689 7.344009597767 0 0.998294234276 -3.523833770542 -3.376747849836 4.880556370311 0 0.936465322971 0 0 0 0 
68 196 7.038675957536 4.043709694129 8.117545646659 0 0.992890834808 -2.18766454774 -0.044903524793 2.188125339184 0 0.984239041805 0 0 0 0 
76 196 3.14073549227 2.05611492401 3.753908365043 0 0.99062204361 3.14073549227 2.05611492401 3.753908365043 0 0.99062204361 0 0 0 0 
84 196 -1.457828941036 0.316755191048 1.49184418502 0 0.988952755928 6 -8 10 0 0.777278006077 0 0 0 0 
92 196 -2.535487248156 0.109414441363 2.537846942891 0 0.992947757244 -1 -8 8.062257748299 0 0.811712324619 0 0 0 0 
100 196 -1.605872282409 -0.212810216631 1.619911718493 0 0.992282629013 -8 -8 11.313708498985 0 0.785909235477 0 0 0 0 
108 196 -0.180150449123 -0.393660103408 0.432923158695 0 0.994819998741 -8 -8 11.313708498985 0 0.52447360754 0 0 0 0 
116 196 -1.168001128966 0.87622837695 1.460137940688 0 0.99868029356 -1.168001128966 0.87622837695 1.460137940688 0 0.99868029356 0 0 0 0 
124 196 -2.26145653902 1.749486111863 2.859175988546 0 0.999579250813 6.053924505412 -5.990116338915 8.516542471624 0 0.98975944519 0 0 0 0 
132 196 0 0 0 0 0 0 0 0 0 0 0 0 0 0 
140 196 0 0 0 0 0 0 0 0 0 0 0 0 0 0 
148 196 0 0 0 0 0 0 0 0 0 0 0 0 0 0 
156 196 0 0 0 0 0 0 0 0 0 0 0 0 0 0 
12 204 0 0 0 0 0 0 0 0 0 0 0 0 0 0 
20 204 0 0 0 0 0 0 0 0 0 0 0 0 0 0 
28 204 0 0 0 0 0 0 0 0 0 0 0 0 0 0 
36 204 0 0 0 0 0 0 0 0 0 0 0 0 0 0 
44 204 0 0 0 0 0 0 0 0 0 0 0 0 0 0 
52 204 0 0 0 0 0 0 0 0 0 0 0 0 0 0 
60 204 0 0 0 0 0 0 0 0 0 0 0 0 0 0 
68 204 0 0 0 0 0 0 0 0 0 0 0 0 0 0 
76 204 3.721079029999 2.059243631592 4.252871204463 0 0.998118579388 3.721079029999 2.059243631592 4.252871204463 0 0.998118579388 0 0 0 0 
84 204 -2.414325504046 -0.00557690197 2.414331945139 0 0.967167317867 -2.414325504046 -0.00557690197 2.414331945139 0 0.967167317867 0 0 0 0 
92 204 -2.634693364742 -0.095652212173 2.636429113765 0 0.973146021366 5.842263576433 -0.350186635946 5.852749300671 0 0.95658659935 0 0 0 0 
100 204 -2.048660599873 -0.268121277892 2.066131475277 0 0.980318486691 -2.048660599873 -0.268121277892 2.066131475277 0 0.980318486691 0 0 0 0 
108 204 0.640011104971 -0.999722588241 1.187038107192 0 0.986859560013 0.640011104971 -0.999722588241 1.187038107192 0 0.986859560013 0 0 0 0 
116 204 1.987636508081 -2.067405571017 2.867902488462 0 0.999861061573 8 -8 11.313708498985 0 0.996543288231 0 0 0 0 
124 204 0 0 0 0 0 0 0 0 0 0 0 0 0 0 
132 204 0 0 0 0 0 0 0 0 0 0 0 0 0 0 
140 204 0 0 0 0 0 0 0 0 0 0 0 0 0 0 
148 204 0 0 0 0 0 0 0 0 0 0 0 0 0 0 
156 204 0 0 0 0 0 0 0 0 0 0 0 0 0 0 
12 212 0 0 0 0 0 0 0 0 0 0 0 0 0 0 
20 212 0 0 0 0 0 0 0 0 0 0 0 0 0 0 
28 212 0 0 0 0 0 0 0 0 0 0 0 0 0 0 
36 212 0 0 0 0 0 0 0 0 0 0 0 0 0 0 
44 212 0 0 0 0 0 0 0 0 0 0 0 0 0 0 
52 212 0 0 0 0 0 0 0 0 0 0 0 0 0 0 
60 212 0 0 0 0 0 0 0 0 0 0 0 0 0 0 
68 212 0 0 0 0 0 0 0 0 0 0 0 0 0 0 
76 212 0 0 0 0 0 0 0 0 0 0 0 0 0 0 
84 212 0 0 0 0 0 0 0 0 0 0 0 0 0 0 
92 212 0 0 0 0 0 0 0 0 0 0 0 0 0 0 
100 212 0 0 0 0 0 0 0 0 0 0 0 0 0 0 
108 212 0 0 0 0 0 0 0 0 0 0 0 0 0 0 
116 212 0 0 0 0 0 0 0 0 0 0 0 0 0 0 
124 212 0 0 0 0 0 0 0 0 0 0 0 0 0 0 
132 212 0 0 0 0 0 0 0 0 0 0 0 0 0 0 
140 212 0 0 0 0 0 0 0 0 0 0 0 0 0 0 
148 212 0 0 0 0 0 0 0 0 0 0 0 0 0 0 
156 212 0 0 0 0 0 0 0 0 0 0 0 0 0 0 
12 220 0 0 0 0 0 0 0 0 0 0 0 0 0 0 
20 220 0 0 0 0 0 0 0 0 0 0 0 0 0 0 
28 220 0 0 0 0 0 0 0 0 0 0 0 0 0 0 
36 220 0 0 0 0 0 0 0 0 0 0 0 0 0 0 
44 220 0 0 0 0 0 0 0 0 0 0 0 0 0 0 
52 220 0 0 0 0 0 0 0 0 0 0 0 0 0 0 
60 220 0 0 0 0 0 0 0 0 0 0 0 0 0 0 
68 220 0 0 0 0 0 0 0 0 0 0 0 0 0 0 
76 220 0 0 0 0 0 0 0 0 0 0 0 0 0 0 
84 220 0 0 0 0 0 0 0 0 0 0 0 0 0 0 
92 220 0 0 0 0 0 0 0 0 0 0 0 0 0 0 
100 220 0 0 0 0 0 0 0 0 0 0 0 0 0 0 
108 220 0 0 0 0 0 0 0 0 0 0 0 0 0 0 
116 220 0 0 0 0 0 0 0 0 0 0 0 0 0 0 
124 220 0 0 0 0 0 0 0 0 0 0 0 0 0 0 
132 220 0 0 0 0 0 0 0 0 0 0 0 0 0 0 
140 220 0 0 0 0 0 0 0 0 0 0 0 0 0 0 
148 220 0 0 0 0 0 0 0 0 0 0 0 0 0 0 
156 220 0 0 0 0 0 0 0 0 0 0 0 0 0 0 
12 228 0 0 0 0 0 0 0 0 0 0 0 0 0 0 
20 228 0 0 0 0 0 0 0 0 0 0 0 0 0 0 
28 228 0 0 0 0 0 0 0 0 0 0 0 0 0 0 
36 228 0 0 0 0 0 0 0 0 0 0 0 0 0 0 
44 228 0 0 0 0 0 0 0 0 0 0 0 0 0 0 
52 228 0 0 0 0 0 0 0 0 0 0 0 0 0 0 
60 228 0 0 0 0 0 0 0 0 0 0 0 0 0 0 
68 228 0 0 0 0 0 0 0 0 0 0 0 0 0 0 
76 228 0 0 0 0 0 0 0 0 0 0 0 0 0 0 
84 228 0 0 0 0 0 0 0 0 0 0 0 0 0 0 
92 228 0 0 0 0 0 0 0 0 0 0 0 0 0 0 
100 228 0 0 0 0 0 0 0 0 0 0 0 0 0 0 
108 228 0 0 0 0 0 0 0 0 0 0 0 0 0 0 
116 228 0 0 0 0 0 0 0 0 0 0 0 0 0 0 
124 228 0 0 0 0 0 0 0 0 0 0 0 0 0 0 
132 228 0 0 0 0 0 0 0 0 0 0 0 0 0 0 
140 228 0 0 0 0 0 0 0 0 0 0 0 0 0 0 
148 228 0 0 0 0 0 0 0 0 0 0 0 0 0 0 
156 228 0 0 0 0 0 0 0 0 0 0 0 0 0 0 
