12 12 0 0 0 0 0 0 0 0 0 0 0 0 0 0 
20 12 0 0 0 0 0 0 0 0 0 0 0 0 0 0 
28 12 0 0 0 0 0 0 0 0 0 0 0 0 0 0 
36 12 0 0 0 0 0 0 0 0 0 0 0 0 0 0 
44 12 0 0 0 0 0 0 0 0 0 0 0 0 0 0 
52 12 0 0 0 0 0 0 0 0 0 0 0 0 0 0 
60 12 0 0 0 0 0 0 0 0 0 0 0 0 0 0 
68 12 0 0 0 0 0 0 0 0 0 0 0 0 0 0 
76 12 0 0 0 0 0 0 0 0 0 0 0 0 0 0 
84 12 0 0 0 0 0 0 0 0 0 0 0 0 0 0 
92 12 0 0 0 0 0 0 0 0 0 0 0 0 0 0 
100 12 0 0 0 0 0 0 0 0 0 0 0 0 0 0 
108 12 0 0 0 0 0 0 0 0 0 0 0 0 0 0 
116 12 0 0 0 0 0 0 0 0 0 0 0 0 0 0 
124 12 0 0 0 0 0 0 0 0 0 0 0 0 0 0 
132 12 0 0 0 0 0 0 0 0 0 0 0 0 0 0 
140 12 0 0 0 0 0 0 0 0 0 0 0 0 0 0 
148 12 0 0 0 0 0 0 0 0 0 0 0 0 0 0 
156 12 0 0 0 0 0 0 0 0 0 0 0 0 0 0 
12 20 0 0 0 0 0 0 0 0 0 0 0 0 0 0 
20 20 0 0 0 0 0 0 0 0 0 0 0 0 0 0 
28 20 0 0 0 0 0 0 0 0 0 0 0 0 0 0 
36 20 0 0 0 0 0 0 0 0 0 0 0 0 0 0 
44 20 0 0 0 0 0 0 0 0 0 0 0 0 0 0 
52 20 0 0 0 0 0 0 0 0 0 0 0 0 0 0 
60 20 0 0 0 0 0 0 0 0 0 0 0 0 0 0 
68 20 0 0 0 0 0 0 0 0 0 0 0 0 0 0 
76 20 0 0 0 0 0 0 0 0 0 0 0 0 0 0 
84 20 0 0 0 0 0 0 0 0 0 0 0 0 0 0 
92 20 0 0 0 0 0 0 0 0 0 0 0 0 0 0 
100 20 0 0 0 0 0 0 0 0 0 0 0 0 0 0 
108 20 0 0 0 0 0 0 0 0 0 0 0 0 0 0 
116 20 0 0 0 0 0 0 0 0 0 0 0 0 0 0 
124 20 0 0 0 0 0 0 0 0 0 0 0 0 0 0 
132 20 0 0 0 0 0 0 0 0 0 0 0 0 0 0 
140 20 0 0 0 0 0 0 0 0 0 0 0 0 0 0 
148 20 0 0 0 0 0 0 0 0 0 0 0 0 0 0 
156 20 0 0 0 0 0 0 0 0 0 0 0 0 0 0 
12 28 0 0 0 0 0 0 0 0 0 0 0 0 0 0 
20 28 0 0 0 0 0 0 0 0 0 0 0 0 0 0 
28 28 0 0 0 0 0 0 0 0 0 0 0 0 0 0 
36 28 0 0 0 0 0 0 0 0 0 0 0 0 0 0 
44 28 0 0 0 0 0 0 0 0 0 0 0 0 0 0 
52 28 0 0 0 0 0 0 0 0 0 0 0 0 0 0 
60 28 0 0 0 0 0 0 0 0 0 0 0 0 0 0 
68 28 0 0 0 0 0 0 0 0 0 0 0 0 0 0 
76 28 0 0 0 0 0 0 0 0 0 0 0 0 0 0 
84 28 0 0 0 0 0 0 0 0 0 0 0 0 0 0 
92 28 4.095863263548 -0.020318711793 4.095913661655 0 0.997871339321 -8 2 8.246211251235 0 0.994273662567 0 0 0 0 
100 28 -7.499323699682 2.477632291253 7.898007199495 0 0.945627689362 8 -2 8.246211251235 0 0.839039742947 0 0 0 0 
108 28 -1.573267513397 -0.183511272028 1.583934043978 0 0.95334905386 -8 2 8.246211251235 0 0.881694495678 0 0 0 0 
116 28 -0.917463392735 -0.430523072518 1.013454090218 0 0.944175720215 8 6 10 0 0.61394238472 0 0 0 0 
124 28 -3.463941275324 -2.405404369913 4.217209900122 0 0.987223684788 3.203670405248 2.830758847523 4.275125696198 0 0.941566646099 0 0 0 0 
132 28 0 0 0 0 0 0 0 0 0 0 0 0 0 0 
140 28 0 0 0 0 0 0 0 0 0 0 0 0 0 0 
148 28 0 0 0 0 0 0 0 0 0 0 0 0 0 0 
156 28 0 0 0 0 0 0 0 0 0 0 0 0 0 0 
12 36 0 0 0 0 0 0 0 0 0 0 0 0 0 0 
20 36 0 0 0 0 0 0 0 0 0 0 0 0 0 0 
28 36 0 0 0 0 0 0 0 0 0 0 0 0 0 0 
36 36 0 0 0 0 0 0 0 0 0 0 0 0 0 0 
44 36 0 0 0 0 0 0 0 0 0 0 0 0 0 0 
52 36 0 0 0 0 0 0 0 0 0 0 0 0 0 0 
60 36 0 0 0 0 0 0 0 0 0 0 0 0 0 0 
68 36 -2.252705419396 2.198282303599 3.147558862498 0 0.995371997356 8 -3 8.544003745318 0 0.983972787857 0 0 0 0 
76 36 0.163926664316 0.04477481892 0.169931561763 0 0.999377667904 8 -2 8.246211251235 0 0.98808079958 0 0 0 0 
84 36 1.199595423555 0.061267130779 1.201158957644 0 0.995946526527 1.199595423555 0.061267130779 1.201158957644 0 0.995946526527 0 0 0 0 
92 36 2.44693097144 0.219728775296 2.456776732568 0 0.994933962822 2.44693097144 0.219728775296 2.456776732568 0 0.994933962822 0 0 0 0 
100 36 -3.755833128235 1.05192050456 3.900361423646 0 0.99104064703 -3.755833128235 1.05192050456 3.900361423646 0 0.99104064703 0 0 0 0 
108 36 0.583535532086 -0.869911370098 1.047501555623 0 0.988635241985 0.583535532086 -0.869911370098 1.047501555623 0 0.988635241985 0 0 0 0 
116 36 -1.758480211449 -0.977692487636 2.011997826648 0 0.991378366947 -1.758480211449 -0.977692487636 2.011997826648 0 0.991378366947 0 0 0 0 
124 36 2.723417206244 2.168312467224 3.481175122683 0 0.996734619141 2.723417206244 2.168312467224 3.481175122683 0 0.996734619141 0 0 0 0 
132 36 -8 -6 10 0 0.994886636734 8 5 9.433981132057 0 0.957810878754 0 0 0 0 
140 36 0 0 0 0 0 0 0 0 0 0 0 0 0 0 
148 36 0 0 0 0 0 0 0 0 0 0 0 0 0 0 
156 36 0 0 0 0 0 0 0 0 0 0 0 0 0 0 
12 44 0 0 0 0 0 0 0 0 0 0 0 0 0 0 
20 44 0 0 0 0 0 0 0 0 0 0 0 0 0 0 
28 44 0 0 0 0 0 0 0 0 0 0 0 0 0 0 
36 44 0 0 0 0 0 0 0 0 0 0 0 0 0 0 
44 44 0 0 0 0 0 0 0 0 0 0 0 0 0 0 
52 44 0 0 0 0 0 0 0 0 0 0 0 0 0 0 
60 44 -1.978602302756 2.051900879353 2.850467381179 0 0.999825894833 7.055521534016 -7.030409139958 9.960272927594 0 0.998982846737 0 0 0 0 
68 44 -2.048928782147 1.887147454122 2.785576182392 0 0.999451696873 -2.048928782147 1.887147454122 2.785576182392 0 0.999451696873 0 0 0 0 
76 44 -0.218532325704 0.027582783568 0.220266173814 0 0.992776036263 8 8 11.313708498985 0 0.650376200676 0 0 0 0 
84 44 0.519187561075 -0.159220614865 0.543053337871 0 0.996729254723 2 8 8.246211251235 0 0.650362968445 0 0 0 0 
92 44 1.357231660715 0.089592403738 1.360185494576 0 0.991965472698 1.357231660715 0.089592403738 1.360185494576 0 0.991965472698 0 0 0 0 
100 44 -1.517087047714 0.147740524865 1.524263879067 0 0.983913838863 -1.517087047714 0.147740524865 1.524263879067 0 0.983913838863 0 0 0 0 
108 44 -0.050457128602 -0.99940663927 1.000679545331 0 0.968231916428 -0.050457128602 -0.99940663927 1.000679545331 0 0.968231916428 0 0 0 0 
116 44 -1.632700303111 -0.929973070867 1.878978497034 0 0.969843745232 -8 8 11.313708498985 0 -0.037182379514 0 0 0 0 
124 44 0.18888061634 -0.259677633035 0.321104905487 0 0.96890515089 0.18888061634 -0.259677633035 0.321104905487 0 0.96890515089 0 0 0 0 
132 44 -8 -8 11.313708498985 0 0.97993093729 -8 -8 11.313708498985 0 0.97993093729 0 0 0 0 
140 44 -0.468950526177 -2.621147436023 2.662767071558 0 0.990354835987 -8 -8 11.313708498985 0 0.957231462002 0 0 0 0 
148 44 0 0 0 0 0 0 0 0 0 0 0 0 0 0 
156 44 0 0 0 0 0 0 0 0 0 0 0 0 0 0 
12 52 0 0 0 0 0 0 0 0 0 0 0 0 0 0 
20 52 0 0 0 0 0 0 0 0 0 0 0 0 0 0 
28 52 0 0 0 0 0 0 0 0 0 0 0 0 0 0 
36 52 0 0 0 0 0 0 0 0 0 0 0 0 0 0 
44 52 0 0 0 0 0 0 0 0 0 0 0 0 0 0 
52 52 1.885421984921 -0.13627913019 1.890340726575 0 0.999380946159 -4 8 8.944271909999 0 0.999093234539 0 0 0 0 
60 52 0.646209435115 -0.244710606751 0.690991979034 0 0.982893824577 8 -8 11.313708498985 0 0.974758684635 0 0 0 0 
68 52 -0.83638953836 1.265710004646 1.51709237548 0 0.992477655411 -0.83638953836 1.265710004646 1.51709237548 0 0.992477655411 0 0 0 0 
76 52 -1.170808597303 0.814333360032 1.426159736067 0 0.987690627575 -7 8 10.630145812735 0 0.962683439255 0 0 0 0 
84 52 -0.354603740323 -0.447030058579 0.57059590423 0 0.955710053444 -0.354603740323 -0.447030058579 0.57059590423 0 0.955710053444 0 0 0 0 
92 52 -0.894102514337 -0.941722025369 1.298560618226 0 0.893351793289 -0.894102514337 -0.941722025369 1.298560618226 0 0.893351793289 0 0 0 0 
100 52 -0.963162289109 -1.257200965668 1.583741097288 0 0.952420473099 -0.963162289109 -1.257200965668 1.583741097288 0 0.952420473099 0 0 0 0 
108 52 -3.235872510384 -1.375791769633 3.516201629152 0 0.835593998432 8 -8 11.313708498985 0 -0.091419048607 0 0 0 0 
116 52 1.589724122918 0.205478699038 1.602948621369 0 0.741133153439 -8 8 11.313708498985 0 0.628057599068 0 0 0 0 
124 52 0.251210486904 -1.438303039707 1.460076142795 0 0.982115805149 -8 6 10 0 0.372583985329 0 0 0 0 
132 52 0.121302211339 -2.176432867511 2.179810600317 0 0.989478349686 -8 -8 11.313708498985 0 0.938181877136 0 0 0 0 
140 52 -0.335694685243 -2.690005324407 2.710870628974 0 0.996850132942 -0.335694685243 -2.690005324407 2.710870628974 0 0.996850132942 0 0 0 0 
148 52 -0.498037065405 -2.126293816402 2.183842098731 0 0.998267650604 -0.498037065405 -2.126293816402 2.183842098731 0 0.998267650604 0 0 0 0 
156 52 0 0 0 0 0 0 0 0 0 0 0 0 0 0 
12 60 0 0 0 0 0 0 0 0 0 0 0 0 0 0 
20 60 0 0 0 0 0 0 0 0 0 0 0 0 0 0 
28 60 0 0 0 0 0 0 0 0 0 0 0 0 0 0 
36 60 0 0 0 0 0 0 0 0 0 0 0 0 0 0 
44 60 -4 8 8.944271909999 0 1 2.121043258561 -1.878956741439 2.833602466982 0 1 0 0 0 0 
52 60 -3.065938232947 6.910379801848 7.559981895087 0 0.996304273605 -3.065938232947 6.910379801848 7.559981895087 0 0.996304273605 0 0 0 0 
60 60 2.183691614913 -0.86423289573 2.348490486909 0 0.986115098 2.183691614913 -0.86423289573 2.348490486909 0 0.986115098 0 0 0 0 
68 60 0.800140231324 -0.202255465683 0.825307011471 0 0.982672452927 8 8 11.313708498985 0 -0.21190007031 0 0 0 0 
76 60 -0.189712549607 -0.239942175581 0.305880857689 0 0.926701247692 -8 7 10.630145812735 0 0.716173768044 0 0 0 0 
84 60 1.372214470735 0.512100473079 1.46465676806 0 0.931405901909 8 -8 11.313708498985 0 0.043350014836 0 0 0 0 
92 60 0.591654832742 0.16272066209 0.613623219066 0 0.882004797459 -8 -8 11.313708498985 0 -0.374498188496 0 0 0 0 
100 60 -0.583709265848 0.473680795234 0.751724685513 0 0.879487991333 -0.583709265848 0.473680795234 0.751724685513 0 0.879487991333 0 0 0 0 
108 60 -0.768012923331 0.137222908564 0.780175606538 0 0.843371331692 -7.372529558189 6.871814883528 10.078493532262 0 0.723941624165 0 0 0 0 
116 60 -1.613050359872 1.132038061377 1.970644979667 0 0.893005549908 -1.613050359872 1.132038061377 1.970644979667 0 0.893005549908 0 0 0 0 
124 60 -2.947633371997 -0.801948179571 3.05477714055 0 0.861132204533 -8 5 9.433981132057 0 0.786341845989 0 0 0 0 
132 60 -0.000670908866 -2.599437435808 2.599437522388 0 0.992697894573 -8 8 11.313708498985 0 0.358994871378 0 0 0 0 
140 60 -0.209837072634 -2.534647287431 2.543318397042 0 0.997572302818 -0.209837072634 -2.534647287431 2.543318397042 0 0.997572302818 0 0 0 0 
148 60 -0.498114077372 -2.14500409133 2.20208087633 0 0.997123420238 -0.498114077372 -2.14500409133 2.20208087633 0 0.997123420238 0 0 0 0 
156 60 0 0 0 0 0 0 0 0 0 0 0 0 0 0 
12 68 0 0 0 0 0 0 0 0 0 0 0 0 0 0 
20 68 0 0 0 0 0 0 0 0 0 0 0 0 0 0 
28 68 0 0 0 0 0 0 0 0 0 0 0 0 0 0 
36 68 0 0 0 0 0 0 0 0 0 0 0 0 0 0 
44 68 4.764962782812 -5.069679124322 6.957479194735 0 0.995701134205 -6 8 10 0 0.984528958797 0 0 0 0 
52 68 3.749074052054 -3.331327322022 5.01530636893 0 0.992231488228 3.749074052054 -3.331327322022 5.01530636893 0 0.992231488228 0 0 0 0 
60 68 -2.984248142205 7.023433358438 7.631143630851 0 0.992640435696 3.189408460269 -1.745343724205 3.635732531699 0 0.98397231102 0 0 0 0 
68 68 0.79821612471 0.612048406293 1.005858953031 0 0.775249540806 8 -8 11.313708498985 0 0.232034385204 0 0 0 0 
76 68 -0.598301159499 0.476929508747 0.76513138334 0 0.879103660583 8 -8 11.313708498985 0 -0.095710143447 0 0 0 0 
84 68 0.411221731854 0.680156234831 0.794805521199 0 0.868968904018 -7 -8 10.630145812735 0 0.443544745445 0 0 0 0 
92 68 1.574675226078 -2.800603765543 3.212940011764 0 0.878254711628 1.574675226078 -2.800603765543 3.212940011764 0 0.878254711628 0 0 0 0 
100 68 -1.344903842383 3.173950310473 3.447133144892 0 0.716903328896 3.151464094958 -3.70046328272 4.860571411734 0 0.661017775536 0 0 0 0 
108 68 -1.794677894271 2.150172732594 2.800734104512 0 0.813338875771 -1.794677894271 2.150172732594 2.800734104512 0 0.813338875771 0 0 0 0 
116 68 -8 5 9.433981132057 0 0.604883015156 0.988746639067 -0.209585011463 1.01071548583 0 0.593553483486 0 0 0 0 
124 68 -2.786653617908 -1.360429485311 3.101000930458 0 0.357453137636 -4.167985178572 6.243325397957 7.506744465717 0 0.286899924278 0 0 0 0 
132 68 0.106653242897 0.991751321693 0.997469597682 0 0.996555626392 -8 0 8 0 0.389792054892 0 0 0 0 
140 68 -0.035758008392 0.881568160691 0.882293067585 0 0.998936831951 -0.035758008392 0.881568160691 0.882293067585 0 0.998936831951 0 0 0 0 
148 68 -0.498150464192 0.103508791686 0.508790678895 0 0.995878994465 -0.498150464192 0.103508791686 0.508790678895 0 0.995878994465 0 0 0 0 
156 68 0 0 0 0 0 0 0 0 0 0 0 0 0 0 
12 76 0 0 0 0 0 0 0 0 0 0 0 0 0 0 
20 76 0 0 0 0 0 0 0 0 0 0 0 0 0 0 
28 76 0 0 0 0 0 0 0 0 0 0 0 0 0 0 
36 76 0.019645827419 -1.720770500182 1.720882643538 0 0.998041212559 8 -8 11.313708498985 0 0.961010694504 0 0 0 0 
44 76 4.824102052973 -5.362237864745 7.21287429085 0 0.993091464043 -2.956686143332 4.976000733972 5.788141001622 0 0.968368828297 0 0 0 0 
52 76 5.000880342795 -4.919407806099 7.014939583892 0 0.993589043617 5.000880342795 -4.919407806099 7.014939583892 0 0.993589043617 0 0 0 0 
60 76 3.082638075897 -2.824137405692 4.18071878906 0 0.92349344492 -0.847960687736 4.062329807402 4.149886840873 0 0.911440968513 0 0 0 0 
68 76 -0.177105420351 0.08142031336 0.194924593998 0 0.985077917576 -8 -8 11.313708498985 0 0.316782057285 0 0 0 0 
76 76 -0.71620672582 1.259346996747 1.448760481351 0 0.982833564281 -8 -8 11.313708498985 0 0.082163773477 0 0 0 0 
84 76 -0.77849883069 0.969125094248 1.243086432107 0 0.974730491638 -0.77849883069 0.969125094248 1.243086432107 0 0.974730491638 0 0 0 0 
92 76 0.165402396396 -2.701775794356 2.706834017021 0 0.807159364223 0.165402396396 -2.701775794356 2.706834017021 0 0.807159364223 0 0 0 0 
100 76 1.722632991919 1.884926354481 2.553509699739 0 0.753649711609 1.722632991919 1.884926354481 2.553509699739 0 0.753649711609 0 0 0 0 
108 76 -6.242496710002 4.949535183273 7.966596745465 0 0.743588030338 3 8 8.544003745318 0 0.253918141127 0 0 0 0 
116 76 -1.757883698751 -3.074348819672 3.541436963064 0 0.626515924931 -8 2 8.246211251235 0 0.431384384632 0 0 0 0 
124 76 -3.214529662699 -3.223254011541 4.552204671946 0 0.58914244175 -1 8 8.062257748299 0 -0.103344246745 0 0 0 0 
132 76 -0.003811523676 0.865628765588 0.865637156969 0 0.995355665684 -8 -8 11.313708498985 0 0.463415503502 0 0 0 0 
140 76 -0.112495880158 0.754984652595 0.763319820722 0 0.995706558228 -0.112495880158 0.754984652595 0.763319820722 0 0.995706558228 0 0 0 0 
148 76 -0.498032863195 0.054473432514 0.5010030815 0 0.996886134148 -5 8 9.433981132057 0 0.821219801903 0 0 0 0 
156 76 0 0 0 0 0 0 0 0 0 0 0 0 0 0 
12 84 0 0 0 0 0 0 0 0 0 0 0 0 0 0 
20 84 0 0 0 0 0 0 0 0 0 0 0 0 0 0 
28 84 0 0 0 0 0 0 0 0 0 0 0 0 0 0 
36 84 -0.499224809372 -0.24225631377 0.55489956916 0 0.945765972137 -0.499224809372 -0.24225631377 0.55489956916 0 0.945765972137 0 0 0 0 
44 84 -0.821859878856 0.623642915896 1.031689947136 0 0.978105068207 6 -8 10 0 0.816599011421 0 0 0 0 
52 84 5.702184482633 -6.442445994425 8.603488726387 0 0.938300311565 -0.592302875325 0.324535766878 0.67538593419 0 0.933567523956 0 0 0 0 
60 84 -0.12378250712 0.976814403375 0.984626064915 0 0.747126996517 -0.12378250712 0.976814403375 0.984626064915 0 0.747126996517 0 0 0 0 
68 84 -0.165207421829 1.26315572844 1.273913610304 0 0.986997008324 -0.165207421829 1.26315572844 1.273913610304 0 0.986997008324 0 0 0 0 
76 84 -1.099977337046 1.988201248719 2.27220033171 0 0.97623860836 -1.099977337046 1.988201248719 2.27220033171 0 0.97623860836 0 0 0 0 
84 84 -0.93496288897 1.928812897811 2.143472602697 0 0.987220168114 -0.93496288897 1.928812897811 2.143472602697 0 0.987220168114 0 0 0 0 
92 84 -0.43988345277 -0.996636425562 1.089395069191 0 0.854071855545 -0.43988345277 -0.996636425562 1.089395069191 0 0.854071855545 0 0 0 0 
100 84 -5.681927168562 -0.418149807582 5.697292831725 0 0.87527859211 -5.681927168562 -0.418149807582 5.697292831725 0 0.87527859211 0 0 0 0 
108 84 -1.892606259455 -2.119049690414 2.841184619797 0 0.803558349609 -1.892606259455 -2.119049690414 2.841184619797 0 0.803558349609 0 0 0 0 
116 84 -1.486247786129 -2.184111915216 2.641832193755 0 0.836336791515 -1.486247786129 -2.184111915216 2.641832193755 0 0.836336791515 0 0 0 0 
124 84 0.253446809452 -0.733877672805 0.776409507839 0 0.96567595005 -5 -8 9.433981132057 0 0.124786444008 0 0 0 0 
132 84 0.061338944057 0.086697327054 0.106202130753 0 0.993980050087 0.061338944057 0.086697327054 0.106202130753 0 0.993980050087 0 0 0 0 
140 84 -0.22016234237 -0.189738725797 0.290641086333 0 0.976597845554 3 -8 8.544003745318 0 0.96766358614 0 0 0 0 
148 84 0 0 0 0 0 0 0 0 0 0 0 0 0 0 
156 84 0 0 0 0 0 0 0 0 0 0 0 0 0 0 
12 92 0 0 0 0 0 0 0 0 0 0 0 0 0 0 
20 92 0 0 0 0 0 0 0 0 0 0 0 0 0 0 
28 92 0 0 0 0 0 0 0 0 0 0 0 0 0 0 
36 92 -0.751021470932 -0.265226796769 0.79647881549 0 0.953079044819 3 8 8.544003745318 0 0.911743760109 0 0 0 0 
44 92 -0.986221742472 -0.933768320984 1.358144544074 0 0.995010316372 1.916930586874 7.438733216513 7.681755967313 0 0.987243413925 0 0 0 0 
52 92 -0.98775459044 -0.8735486737 1.318615340521 0 0.986890733242 8 -6 10 0 -0.07191157341 0 0 0 0 
60 92 0.617507706146 5.246813060182 5.283025937439 0 0.636029839516 -2.11497679132 -2.163770822001 3.025728176483 0 0.605611681938 0 0 0 0 
68 92 -0.248485466825 1.18818291947 1.213887835569 0 0.975458621979 -0.248485466825 1.18818291947 1.213887835569 0 0.975458621979 0 0 0 0 
76 92 -1.322048902689 1.639870729676 2.106416224574 0 0.95367372036 -1.322048902689 1.639870729676 2.106416224574 0 0.95367372036 0 0 0 0 
84 92 -1.703759057255 1.978485761108 2.610976988042 0 0.970900654793 -1.703759057255 1.978485761108 2.610976988042 0 0.970900654793 0 0 0 0 
92 92 -1.651920104963 0.976600094255 1.919006976871 0 0.922082901001 -8 8 11.313708498985 0 0.807130515575 0 0 0 0 
100 92 -5.256275075582 -0.632305210408 5.294170147369 0 0.948691248894 8 7 10.630145812735 0 0.680842638016 0 0 0 0 
108 92 -7.273076386525 -1.279340787518 7.384737840631 0 0.942037045956 5 8 9.433981132057 0 0.707348704338 0 0 0 0 
116 92 -1.17547327697 -2.154685370146 2.454466636398 0 0.829965293407 -7.25148231679 -3.18887047308 7.921672215183 0 0.82734143734 0 0 0 0 
124 92 0.007054084463 -1.127213230005 1.12723530197 0 0.992280840874 0.007054084463 -1.127213230005 1.12723530197 0 0.992280840874 0 0 0 0 
132 92 -0.007044512921 -1.073254586775 1.073277705534 0 0.997010350227 -0.007044512921 -1.073254586775 1.073277705534 0 0.997010350227 0 0 0 0 
140 92 0.145106290305 -0.684045231506 0.699266554493 0 0.990362107754 -3 8 8.544003745318 0 0.989144146442 0 0 0 0 
148 92 0 0 0 0 0 0 0 0 0 0 0 0 0 0 
156 92 0 0 0 0 0 0 0 0 0 0 0 0 0 0 
12 100 0 0 0 0 0 0 0 0 0 0 0 0 0 0 
20 100 0 0 0 0 0 0 0 0 0 0 0 0 0 0 
28 100 0 0 0 0 0 0 0 0 0 0 0 0 0 0 
36 100 1.788925808385 5.740292610126 6.012588028276 0 0.991310417652 -1.765501743332 -2.487662506546 3.05048539616 0 0.990625023842 0 0 0 0 
44 100 -1.876856824947 -3.432778451121 3.912359829544 0 0.995941281319 -1.876856824947 -3.432778451121 3.912359829544 0 0.995941281319 0 0 0 0 
52 100 -2.085377213533 -3.009762680721 3.661621159676 0 0.994210243225 8 -8 11.313708498985 0 -0.060367267579 0 0 0 0 
60 100 -0.719799193282 0.511497432534 0.883029162677 0 0.853662908077 -0.719799193282 0.511497432534 0.883029162677 0 0.853662908077 0 0 0 0 
68 100 -0.370440128657 1.729466885091 1.768694884808 0 0.917978286743 -8 -8 11.313708498985 0 0.469325572252 0 0 0 0 
76 100 -0.485878424878 1.726449311726 1.793517513079 0 0.913652896881 -8 -8 11.313708498985 0 -0.098120853305 0 0 0 0 
84 100 -0.771182863561 1.352342877423 1.556776884196 0 0.88401979208 6.128467578942 -6.42203836793 8.876975366943 0 0.763932228088 0 0 0 0 
92 100 -2.436687583676 0.691802539961 2.532989762067 0 0.890663504601 -8 7 10.630145812735 0 0.695242106915 0 0 0 0 
100 100 -4.30826120177 -1.002929750018 4.423458224754 0 0.879222691059 8 8 11.313708498985 0 0.556791603565 0 0 0 0 
108 100 -7.0366921108 -2.293942351555 7.401162569113 0 0.810380876064 3.280721256891 -3.263604800002 4.627553160798 0 0.787731349468 0 0 0 0 
116 100 0.968861735835 -2.100656155175 2.313319983366 0 0.910581469536 -8 -7 10.630145812735 0 0.29104283452 0 0 0 0 
124 100 1.064004822582 -3.854019821529 3.998196474314 0 0.995198369026 1.064004822582 -3.854019821529 3.998196474314 0 0.995198369026 0 0 0 0 
132 100 1.126333520383 -3.76272869091 3.92769072109 0 0.99584788084 1.126333520383 -3.76272869091 3.92769072109 0 0.99584788084 0 0 0 0 
140 100 -0.471663139708 -1.767881400025 1.829718765798 0 0.989079594612 -4 8 8.944271909999 0 0.942304551601 0 0 0 0 
148 100 0 0 0 0 0 0 0 0 0 0 0 0 0 0 
156 100 0 0 0 0 0 0 0 0 0 0 0 0 0 0 
12 108 0 0 0 0 0 0 0 0 0 0 0 0 0 0 
20 108 0 0 0 0 0 0 0 0 0 0 0 0 0 0 
28 108 0 0 0 0 0 0 0 0 0 0 0 0 0 0 
36 108 0 0 0 0 0 0 0 0 0 0 0 0 0 0 
44 108 -2.822758063236 -4.912205699821 5.665485673878 0 0.990405738354 -2.822758063236 -4.912205699821 5.665485673878 0 0.990405738354 0 0 0 0 
52 108 -0.548787715444 0.605056921434 0.816860964178 0 0.992797791958 -0.548787715444 0.605056921434 0.816860964178 0 0.992797791958 0 0 0 0 
60 108 -1.548974354197 -0.402463466277 1.600405695956 0 0.980871260166 8 -8 11.313708498985 0 -0.287782520056 0 0 0 0 
68 108 -0.22476767421 -0.026038826263 0.226270916918 0 0.915121734142 -0.22476767421 -0.026038826263 0.226270916918 0 0.915121734142 0 0 0 0 
76 108 0.340637592128 -0.385846342029 0.514695413646 0 0.947239518166 8 -4 8.944271909999 0 0.729001760483 0 0 0 0 
84 108 0.041716410998 -0.317812049993 0.320538231834 0 0.927568495274 6 -8 10 0 0.831016182899 0 0 0 0 
92 108 -1.857039854259 0.028751459183 1.857262411915 0 0.909415662289 6 -8 10 0 0.748975217342 0 0 0 0 
100 108 4 -8 8.944271909999 0 0.619649171829 -7 -8 10.630145812735 0 0.205733448267 0 0 0 0 
108 108 2.139366202397 -3.325279613063 3.954032404143 0 0.923868715763 -8 -8 11.313708498985 0 0.186399146914 0 0 0 0 
116 108 1.233761244108 -3.870329105812 4.062217891098 0 0.970712423325 1.233761244108 -3.870329105812 4.062217891098 0 0.970712423325 0 0 0 0 
124 108 1.806438302369 -6.288147887439 6.542478367909 0 0.99701499939 1.806438302369 -6.288147887439 6.542478367909 0 0.99701499939 0 0 0 0 
132 108 1.852573449145 -5.899448508468 6.183487777019 0 0.99870300293 -2.211887644958 4.754072465633 5.243438944282 0 0.993999183178 0 0 0 0 
140 108 0 0 0 0 0 0 0 0 0 0 0 0 0 0 
148 108 0 0 0 0 0 0 0 0 0 0 0 0 0 0 
156 108 0 0 0 0 0 0 0 0 0 0 0 0 0 0 
12 116 0 0 0 0 0 0 0 0 0 0 0 0 0 0 
20 116 0 0 0 0 0 0 0 0 0 0 0 0 0 0 
28 116 0 0 0 0 0 0 0 0 0 0 0 0 0 0 
36 116 0 0 0 0 0 0 0 0 0 0 0 0 0 0 
44 116 -0.051466554192 0.098298333167 0.1109566064 0 0.998765766621 -0.051466554192 0.098298333167 0.1109566064 0 0.998765766621 0 0 0 0 
52 116 -0.345075182015 1.141749132008 1.19275645531 0 0.992438554764 -0.345075182015 1.141749132008 1.19275645531 0 0.992438554764 0 0 0 0 
60 116 -1.467423728303 -0.040119300405 1.467972055814 0 0.980612576008 -1.467423728303 -0.040119300405 1.467972055814 0 0.980612576008 0 0 0 0 
68 116 -0.537483875559 -0.431910943785 0.689518658085 0 0.979653060436 -0.537483875559 -0.431910943785 0.689518658085 0 0.979653060436 0 0 0 0 
76 116 -0.190963067601 -0.280756252416 0.339545234775 0 0.979738891125 -0.190963067601 -0.280756252416 0.339545234775 0 0.979738891125 0 0 0 0 
84 116 -0.257622924907 -0.385783351977 0.463894779126 0 0.929342448711 -0.257622924907 -0.385783351977 0.463894779126 0 0.929342448711 0 0 0 0 
92 116 -0.127751122436 -0.034789514173 0.132403397162 0 0.887890934944 6 -8 10 0 0.481381863356 0 0 0 0 
100 116 2.230449699409 -0.681508835908 2.332243588268 0 0.819452166557 2.230449699409 -0.681508835908 2.332243588268 0 0.819452166557 0 0 0 0 
108 116 1.689725260856 -0.71544120906 1.834946206512 0 0.881703674793 -2 8 8.246211251235 0 0.016698131338 0 0 0 0 
116 116 -0.241606925182 -1.292708218623 1.315092561302 0 0.982074320316 -0.241606925182 -1.292708218623 1.315092561302 0 0.982074320316 0 0 0 0 
124 116 1.833611970109 -7.258170332506 7.486198596925 0 0.995379805565 1.833611970109 -7.258170332506 7.486198596925 0 0.995379805565 0 0 0 0 
132 116 1.925653454445 -6.011066162573 6.31197731598 0 0.9991568923 1.925653454445 -6.011066162573 6.31197731598 0 0.9991568923 0 0 0 0 
140 116 0 0 0 0 0 0 0 0 0 0 0 0 0 0 
148 116 0 0 0 0 0 0 0 0 0 0 0 0 0 0 
156 116 0 0 0 0 0 0 0 0 0 0 0 0 0 0 
12 124 0 0 0 0 0 0 0 0 0 0 0 0 0 0 
20 124 0 0 0 0 0 0 0 0 0 0 0 0 0 0 
28 124 0 0 0 0 0 0 0 0 0 0 0 0 0 0 
36 124 0 0 0 0 0 0 0 0 0 0 0 0 0 0 
44 124 -5.790236590151 2.166669951711 6.182337620154 0 1 0.150235357853 -1.534802442262 1.542137866575 0 1 0 0 0 0 
52 124 -1.927361860341 0.052946900592 1.928088980047 0 0.999699056149 -1.927361860341 0.052946900592 1.928088980047 0 0.999699056149 0 0 0 0 
60 124 -0.743159686787 -0.661092416674 0.994650442844 0 0.987243533134 -0.743159686787 -0.661092416674 0.994650442844 0 0.987243533134 0 0 0 0 
68 124 -0.399427854486 -0.642448592557 0.756493757422 0 0.982884764671 -0.399427854486 -0.642448592557 0.756493757422 0 0.982884764671 0 0 0 0 
76 124 -0.421565779582 -0.253416885845 0.491871756198 0 0.974241018295 -0.421565779582 -0.253416885845 0.491871756198 0 0.974241018295 0 0 0 0 
84 124 -1.039284238563 -0.678446496233 1.241129073375 0 0.923140704632 -1.039284238563 -0.678446496233 1.241129073375 0 0.923140704632 0 0 0 0 
92 124 0.696135042177 1.560737388564 1.708948563593 0 0.89554053545 0.696135042177 1.560737388564 1.708948563593 0 0.89554053545 0 0 0 0 
100 124 -0.11688438929 1.740994698503 1.744913894917 0 0.789170980453 -8 -5 9.433981132057 0 -0.150799453259 0 0 0 0 
108 124 1.801475179097 -1.263650678289 2.200483096423 0 0.770086407661 -2 8 8.246211251235 0 0.476358443499 0 0 0 0 
116 124 -0.187286369144 -0.085771812565 0.205992688943 0 0.989571809769 -8 8 11.313708498985 0 0.475845009089 0 0 0 0 
124 124 -0.081713917064 0.107644450396 0.135146187305 0 0.996256411076 -0.081713917064 0.107644450396 0.135146187305 0 0.996256411076 0 0 0 0 
132 124 1.802585255116 5.952201792639 6.219165521375 0 0.996776163578 -0.096711329459 0.299633926792 0.314854841682 0 0.988862752914 0 0 0 0 
140 124 0 0 0 0 0 0 0 0 0 0 0 0 0 0 
148 124 0 0 0 0 0 0 0 0 0 0 0 0 0 0 
156 124 0 0 0 0 0 0 0 0 0 0 0 0 0 0 
12 132 0 0 0 0 0 0 0 0 0 0 0 0 0 0 
20 132 0 0 0 0 0 0 0 0 0 0 0 0 0 0 
28 132 0 0 0 0 0 0 0 0 0 0 0 0 0 0 
36 132 2.066972136061 -3.959978574222 4.466968112663 0 0.999861419201 -2.978837708777 6.674386333415 7.308960734804 0 0.987667500973 0 0 0 0 
44 132 1.482686824766 -2.557206504689 2.955954216147 0 0.995901286602 1.482686824766 -2.557206504689 2.955954216147 0 0.995901286602 0 0 0 0 
52 132 0.294045986722 -1.812695799797 1.836390237642 0 0.995577931404 0.294045986722 -1.812695799797 1.836390237642 0 0.995577931404 0 0 0 0 
60 132 -1.958827059309 -0.098582419617 1.961306182557 0 0.99084854126 6 8 10 0 0.486362278461 0 0 0 0 
68 132 -1.899986340542 -0.115295317862 1.903481311852 0 0.98454529047 -1.899986340542 -0.115295317862 1.903481311852 0 0.98454529047 0 0 0 0 
76 132 2.525804668037 -0.65557659685 2.609496099904 0 0.905888497829 -8 8 11.313708498985 0 -0.07427893579 0 0 0 0 
84 132 0.679697964653 0.218682491239 0.71401075281 0 0.930519461632 8 -8 11.313708498985 0 -0.132440596819 0 0 0 0 
92 132 0.535197977688 0.982130538061 1.118488832807 0 0.920765995979 4 -8 8.944271909999 0 0.144581645727 0 0 0 0 
100 132 -0.18911629488 1.345857431483 1.359079541038 0 0.876884102821 4 -8 8.944271909999 0 0.477567255497 0 0 0 0 
108 132 0.248990955436 1.044554085767 1.07382015905 0 0.873243510723 8 -8 11.313708498985 0 0.560738503933 0 0 0 0 
116 132 -0.926245450596 -1.946614010171 2.155745054348 0 0.980103969574 -8 7 10.630145812735 0 0.255280673504 0 0 0 0 
124 132 0.10914289283 0.719589962824 0.727819954146 0 0.995495855808 0.10914289283 0.719589962824 0.727819954146 0 0.995495855808 0 0 0 0 
132 132 2.093486649007 5.760495069704 6.129110033085 0 0.996079027653 2.093486649007 5.760495069704 6.129110033085 0 0.996079027653 0 0 0 0 
140 132 0 0 0 0 0 0 0 0 0 0 0 0 0 0 
148 132 0 0 0 0 0 0 0 0 0 0 0 0 0 0 
156 132 0 0 0 0 0 0 0 0 0 0 0 0 0 0 
12 140 0 0 0 0 0 0 0 0 0 0 0 0 0 0 
20 140 0 0 0 0 0 0 0 0 0 0 0 0 0 0 
28 140 0 0 0 0 0 0 0 0 0 0 0 0 0 0 
36 140 2.027614387168 -3.69252182395 4.212592731727 0 0.998399674892 2.027614387168 -3.69252182395 4.212592731727 0 0.998399674892 0 0 0 0 
44 140 2.152467726262 -3.551229114805 4.152631158488 0 0.996100604534 2.152467726262 -3.551229114805 4.152631158488 0 0.996100604534 0 0 0 0 
52 140 1.428056874734 -2.721902187135 3.073775846383 0 0.987660288811 8 8 11.313708498985 0 0.159607231617 0 0 0 0 
60 140 0.822029366641 -3.323029128313 3.423193664874 0 0.965272843838 5 8 9.433981132057 0 0.606696546078 0 0 0 0 
68 140 1.261118037347 -0.732371787326 1.458350828502 0 0.917261838913 1.261118037347 -0.732371787326 1.458350828502 0 0.917261838913 0 0 0 0 
76 140 1.543750462042 0.070545836379 1.545361512425 0 0.96274960041 1.543750462042 0.070545836379 1.545361512425 0 0.96274960041 0 0 0 0 
84 140 2.072545994398 0.254634090089 2.088129646054 0 0.976829648018 2.072545994398 0.254634090089 2.088129646054 0 0.976829648018 0 0 0 0 
92 140 1.237527537322 0.752833802204 1.448527921502 0 0.964008390903 1.237527537322 0.752833802204 1.448527921502 0 0.964008390903 0 0 0 0 
100 140 -0.061237217419 1.542667492425 1.543882440143 0 0.961327195168 -0.061237217419 1.542667492425 1.543882440143 0 0.961327195168 0 0 0 0 
108 140 0.025020957753 1.306468099693 1.306707673446 0 0.941513180733 0.025020957753 1.306468099693 1.306707673446 0 0.941513180733 0 0 0 0 
116 140 0.163055979789 -0.644327995235 0.664639615121 0 0.921297907829 0.163055979789 -0.644327995235 0.664639615121 0 0.921297907829 0 0 0 0 
124 140 -0.911474866328 -1.1221565604 1.445690761538 0 0.993340492249 -0.911474866328 -1.1221565604 1.445690761538 0 0.993340492249 0 0 0 0 
132 140 -1.97499034172 -3.168243306438 3.733410304088 0 0.994624018669 -1.97499034172 -3.168243306438 3.733410304088 0 0.994624018669 0 0 0 0 
140 140 -0.460507208629 1.875679501872 1.931383049253 0 0.997245907784 2 8 8.246211251235 0 0.994488835335 0 0 0 0 
148 140 0 0 0 0 0 0 0 0 0 0 0 0 0 0 
156 140 0 0 0 0 0 0 0 0 0 0 0 0 0 0 
12 148 0 0 0 0 0 0 0 0 0 0 0 0 0 0 
20 148 0 0 0 0 0 0 0 0 0 0 0 0 0 0 
28 148 0 0 0 0 0 0 0 0 0 0 0 0 0 0 
36 148 0.294165345522 1.430286509693 1.460223527518 0 0.98917222023 0.294165345522 1.430286509693 1.460223527518 0 0.98917222023 0 0 0 0 
44 148 0.75574424274 -0.942920986697 1.20840777372 0 0.993134021759 0.75574424274 -0.942920986697 1.20840777372 0 0.993134021759 0 0 0 0 
52 148 0.765936223659 -1.438552501528 1.629752005173 0 0.923754811287 8 8 11.313708498985 0 -0.103970758617 0 0 0 0 
60 148 0.684166658419 -1.599526714116 1.739703918965 0 0.93188226223 -8 8 11.313708498985 0 -0.158766552806 0 0 0 0 
68 148 1.021520481391 -1.352386625346 1.694831460151 0 0.942840874195 1.021520481391 -1.352386625346 1.694831460151 0 0.942840874195 0 0 0 0 
76 148 0.867213893191 -0.273237340638 0.909240661685 0 0.963824033737 0.867213893191 -0.273237340638 0.909240661685 0 0.963824033737 0 0 0 0 
84 148 -0.602582486375 0.194321739361 0.633140261928 0 0.916676938534 -0.602582486375 0.194321739361 0.633140261928 0 0.916676938534 0 0 0 0 
92 148 -1.598066055535 -0.41516564434 1.651114057264 0 0.964735150337 -1.598066055535 -0.41516564434 1.651114057264 0 0.964735150337 0 0 0 0 
100 148 -0.181781147197 1.442668813159 1.454076232506 0 0.869002878666 -0.181781147197 1.442668813159 1.454076232506 0 0.869002878666 0 0 0 0 
108 148 0.136235842675 1.007318980222 1.016489907842 0 0.967468500137 0.136235842675 1.007318980222 1.016489907842 0 0.967468500137 0 0 0 0 
116 148 0.649682646909 0.149800393909 0.666729105192 0 0.922872841358 8 -6 10 0 0.436500489712 0 0 0 0 
124 148 -0.202336277771 1.305696336896 1.321280777687 0 0.988995790482 -0.202336277771 1.305696336896 1.321280777687 0 0.988995790482 0 0 0 0 
132 148 0.124578364127 1.518716265368 1.523817201472 0 0.996631801128 0.124578364127 1.518716265368 1.523817201472 0 0.996631801128 0 0 0 0 
140 148 0.006461732351 1.669397068501 1.669409574163 0 0.99772387743 -2.307826079337 -4.534692591026 5.088172374004 0 0.97772192955 0 0 0 0 
148 148 0 0 0 0 0 0 0 0 0 0 0 0 0 0 
156 148 0 0 0 0 0 0 0 0 0 0 0 0 0 0 
12 156 0 0 0 0 0 0 0 0 0 0 0 0 0 0 
20 156 0 0 0 0 0 0 0 0 0 0 0 0 0 0 
28 156 0 0 0 0 0 0 0 0 0 0 0 0 0 0 
36 156 2 -8 8.246211251235 0 0.970942318439 2 -8 8.246211251235 0 0.970942318439 0 0 0 0 
44 156 1.050345171742 -1.272625021108 1.650090732096 0 0.984515190125 1.050345171742 -1.272625021108 1.650090732096 0 0.984515190125 0 0 0 0 
52 156 1.159908453518 -1.146760968214 1.631088084305 0 0.791236460209 1.159908453518 -1.146760968214 1.631088084305 0 0.791236460209 0 0 0 0 
60 156 1.90235156739 4.114084739834 4.532618970583 0 0.929485142231 -8 8 11.313708498985 0 0.275618582964 0 0 0 0 
68 156 0.85454483702 -0.569568190396 1.026963875698 0 0.952974379063 -8 8 11.313708498985 0 0.369626790285 0 0 0 0 
76 156 0.61773195518 -0.268621901004 0.673610046057 0 0.938164174557 0.61773195518 -0.268621901004 0.673610046057 0 0.938164174557 0 0 0 0 
84 156 -0.877417092141 -0.482880016507 1.001515783162 0 0.873050153255 -8 8 11.313708498985 0 -0.038691002876 0 0 0 0 
92 156 -1.739776418615 -0.837080097615 1.93067995188 0 0.973866224289 -1.739776418615 -0.837080097615 1.93067995188 0 0.973866224289 0 0 0 0 
100 156 -0.782222577733 1.092854229169 1.343950344071 0 0.875382423401 -0.782222577733 1.092854229169 1.343950344071 0 0.875382423401 0 0 0 0 
108 156 -0.224992117493 1.101228041707 1.123977158476 0 0.975284695625 -0.224992117493 1.101228041707 1.123977158476 0 0.975284695625 0 0 0 0 
116 156 -0.311047526246 0.831369685835 0.88765202535 0 0.916772782803 -8 -8 11.313708498985 0 -0.091470293701 0 0 0 0 
124 156 0.305372276351 0.66480774547 0.731588385365 0 0.977612555027 0.305372276351 0.66480774547 0.731588385365 0 0.977612555027 0 0 0 0 
132 156 -0.078411423064 1.32398995569 1.326309825808 0 0.998582661152 -0.078411423064 1.32398995569 1.326309825808 0 0.998582661152 0 0 0 0 
140 156 -0.031832985995 1.592357197139 1.592675353698 0 0.998178422451 -0.031832985995 1.592357197139 1.592675353698 0 0.998178422451 0 0 0 0 
148 156 0 0 0 0 0 0 0 0 0 0 0 0 0 0 
156 156 0 0 0 0 0 0 0 0 0 0 0 0 0 0 
12 164 0 0 0 0 0 0 0 0 0 0 0 0 0 0 
20 164 0 0 0 0 0 0 0 0 0 0 0 0 0 0 
28 164 0 0 0 0 0 0 0 0 0 0 0 0 0 0 
36 164 2.097629274988 -0.253478023073 2.112888942531 0 0.998914361 2.097629274988 -0.253478023073 2.112888942531 0 0.998914361 0 0 0 0 
44 164 1.701246231618 -0.565533196013 1.792781787164 0 0.993215799332 8 8 11.313708498985 0 0.952338159084 0 0 0 0 
52 164 2.794642203863 0.277176441551 2.808353935558 0 0.988276839256 2.794642203863 0.277176441551 2.808353935558 0 0.988276839256 0 0 0 0 
60 164 3.055503151836 2.853180565849 4.180518969245 0 0.763741970062 3.055503151836 2.853180565849 4.180518969245 0 0.763741970062 0 0 0 0 
68 164 0.444504620094 -0.469204282813 0.646325781859 0 0.889398336411 6.263163987776 7.377437083384 9.677489398447 0 0.697472453117 0 0 0 0 
76 164 0.638495227038 -0.589226056507 0.868828809731 0 0.809814333916 6 8 10 0 0.446344465017 0 0 0 0 
84 164 -0.892679989258 1.543513766182 1.783062620778 0 0.7006290555 -0.892679989258 1.543513766182 1.783062620778 0 0.7006290555 0 0 0 0 
92 164 -0.136146472714 0.743767803216 0.756125920157 0 0.942862570286 -0.136146472714 0.743767803216 0.756125920157 0 0.942862570286 0 0 0 0 
100 164 -1.682506318013 2.708628421526 3.188651037046 0 0.891023695469 -3 -8 8.544003745318 0 0.810972630978 0 0 0 0 
108 164 -1.935188165593 -1.257672667347 2.307963122419 0 0.927192687988 8 8 11.313708498985 0 0.374833285809 0 0 0 0 
116 164 -2.145650575826 -2.909722947708 3.615287544022 0 0.934980332851 -2.145650575826 -2.909722947708 3.615287544022 0 0.934980332851 0 0 0 0 
124 164 0.158825307643 -1.114854728823 1.126111248824 0 0.943489313126 -8 -5 9.433981132057 0 0.270008206367 0 0 0 0 
132 164 -0.320757145089 -0.631530111039 0.708318732828 0 0.991030037403 -0.320757145089 -0.631530111039 0.708318732828 0 0.991030037403 0 0 0 0 
140 164 -0.780718067585 -0.582618314849 0.974148244289 0 0.940608203411 -0.780718067585 -0.582618314849 0.974148244289 0 0.940608203411 0 0 0 0 
148 164 0 0 0 0 0 0 0 0 0 0 0 0 0 0 
156 164 0 0 0 0 0 0 0 0 0 0 0 0 0 0 
12 172 0 0 0 0 0 0 0 0 0 0 0 0 0 0 
20 172 0 0 0 0 0 0 0 0 0 0 0 0 0 0 
28 172 0 0 0 0 0 0 0 0 0 0 0 0 0 0 
36 172 2.122941378172 -0.154939843613 2.128587900532 0 0.999398946762 2.122941378172 -0.154939843613 2.128587900532 0 0.999398946762 0 0 0 0 
44 172 2.291189503526 -0.392861214463 2.324626695815 0 0.991973698139 2.291189503526 -0.392861214463 2.324626695815 0 0.991973698139 0 0 0 0 
52 172 8 8 11.313708498985 0 0.988499701023 1.181955908357 -1.248125815714 1.718964170991 0 0.984001040459 0 0 0 0 
60 172 6.402750398706 6.634362277579 9.220085438774 0 0.980416834354 1.047697351219 -0.074971779995 1.050376364713 0 0.969107151031 0 0 0 0 
68 172 0.437222591204 -0.985052643802 1.077725524111 0 0.69529914856 -6 -8 10 0 0.514861106873 0 0 0 0 
76 172 -1.283971015558 -1.041448647999 1.653238293535 0 0.907893359661 2 8 8.246211251235 0 0.734910786152 0 0 0 0 
84 172 -1.987990454411 2.06967014058 2.869780573082 0 0.896297633648 -1.987990454411 2.06967014058 2.869780573082 0 0.896297633648 0 0 0 0 
92 172 0.575839371494 0.526355828918 0.780154754135 0 0.895633518696 0.575839371494 0.526355828918 0.780154754135 0 0.895633518696 0 0 0 0 
100 172 0.223840024391 0.899700375375 0.927127349381 0 0.899003922939 -5 -8 9.433981132057 0 0.680768072605 0 0 0 0 
108 172 -8 0 8 0 0.777254521847 1.078206297138 2.693948922508 2.901704605274 0 0.608286201954 0 0 0 0 
116 172 0.841413620473 3.942746011245 4.031528617027 0 0.745504558086 -8 -5 9.433981132057 0 0.603383600712 0 0 0 0 
124 172 -0.231796636683 -1.055306279245 1.08046333755 0 0.959011137486 -8 -8 11.313708498985 0 0.202340498567 0 0 0 0 
132 172 -0.768422345742 -0.458007067306 0.894563231493 0 0.987587749958 -0.768422345742 -0.458007067306 0.894563231493 0 0.987587749958 0 0 0 0 
140 172 -1.20775747292 0.02303741311 1.207977166919 0 0.963523566723 -1.20775747292 0.02303741311 1.207977166919 0 0.963523566723 0 0 0 0 
148 172 0 0 0 0 0 0 0 0 0 0 0 0 0 0 
156 172 0 0 0 0 0 0 0 0 0 0 0 0 0 0 
12 180 0 0 0 0 0 0 0 0 0 0 0 0 0 0 
20 180 0 0 0 0 0 0 0 0 0 0 0 0 0 0 
28 180 0 0 0 0 0 0 0 0 0 0 0 0 0 0 
36 180 0 0 0 0 0 0 0 0 0 0 0 0 0 0 
44 180 6.026943986691 5.990115583546 8.497384216508 0 0.999492645264 -6 -8 10 0 0.954673886299 0 0 0 0 
52 180 6.809227758908 7.209060699243 9.916457978434 0 0.996649622917 6.809227758908 7.209060699243 9.916457978434 0 0.996649622917 0 0 0 0 
60 180 2.736963937979 3.280141434685 4.272036918068 0 0.978547275066 -6 -8 10 0 0.926635444164 0 0 0 0 
68 180 -1.214986928352 0.345025255157 1.263026390367 0 0.97412365675 8 -7 10.630145812735 0 0.412788033485 0 0 0 0 
76 180 0.189710760538 -0.356997830513 0.404274193654 0 0.858277082443 -8 -8 11.313708498985 0 0.578947722912 0 0 0 0 
84 180 -0.684958902035 0.773093598904 1.032880636929 0 0.954389333725 -8 -8 11.313708498985 0 0.523456931114 0 0 0 0 
92 180 0.342234933311 -0.008471961101 0.342339778149 0 0.892492175102 -8 -8 11.313708498985 0 -0.340423315763 0 0 0 0 
100 180 0.352579217652 -0.940068502165 1.004012397077 0 0.869313836098 8 8 11.313708498985 0 0.351473897696 0 0 0 0 
108 180 1.064233469928 1.15348515967 1.56943330285 0 0.878416180611 3 -8 8.544003745318 0 0.295463889837 0 0 0 0 
116 180 -5.232200503167 4.931919706543 7.190254105185 0 0.984041631222 -5 -8 9.433981132057 0 0.341191828251 0 0 0 0 
124 180 -6.980057464461 6.008902053161 9.210217483407 0 0.980316340923 -8 -8 11.313708498985 0 0.127520978451 0 0 0 0 
132 180 -6.793880768763 6.158758217876 9.169902872246 0 0.988453090191 -6.793880768763 6.158758217876 9.169902872246 0 0.988453090191 0 0 0 0 
140 180 -2.071491441326 1.813856476258 2.753389203863 0 0.998254358768 -2.071491441326 1.813856476258 2.753389203863 0 0.998254358768 0 0 0 0 
148 180 0 0 0 0 0 0 0 0 0 0 0 0 0 0 
156 180 0 0 0 0 0 0 0 0 0 0 0 0 0 0 
12 188 0 0 0 0 0 0 0 0 0 0 0 0 0 0 
20 188 0 0 0 0 0 0 0 0 0 0 0 0 0 0 
28 188 0 0 0 0 0 0 0 0 0 0 0 0 0 0 
36 188 0 0 0 0 0 0 0 0 0 0 0 0 0 0 
44 188 0 0 0 0 0 0 0 0 0 0 0 0 0 0 
52 188 8 8 11.313708498985 0 0.999814689159 -3.745300454837 -5.169373077487 6.383548661305 0 0.989619374275 0 0 0 0 
60 188 1.188047057101 1.729076180663 2.097894241477 0 0.995459675789 1.188047057101 1.729076180663 2.097894241477 0 0.995459675789 0 0 0 0 
68 188 -3.215516824823 -1.765102021905 3.668123988969 0 0.988052606583 8 -7 10.630145812735 0 0.583659529686 0 0 0 0 
76 188 4.817747857228 1.251864407495 4.977736323931 0 0.981383502483 4.817747857228 1.251864407495 4.977736323931 0 0.981383502483 0 0 0 0 
84 188 -0.475352503373 0.447671460432 0.652969937247 0 0.968742668629 4 -8 8.944271909999 0 0.689230024815 0 0 0 0 
92 188 -4.296578684878 0.393214270679 4.314534257369 0 0.970264256001 7.381082963508 1.172787320544 7.473674853338 0 0.933619022369 0 0 0 0 
100 188 2.382412742091 1.477396562477 2.803317869328 0 0.91670113802 -8 -8 11.313708498985 0 0.513149321079 0 0 0 0 
108 188 -1.798239157952 1.967855798774 2.665730765467 0 0.985870063305 -8 -8 11.313708498985 0 0.358869016171 0 0 0 0 
116 188 4.780832358823 -3.188383499296 5.746490005364 0 0.993354320526 4.780832358823 -3.188383499296 5.746490005364 0 0.993354320526 0 0 0 0 
124 188 -7.076766311637 5.943210951489 9.241340695128 0 0.994811415672 -7.076766311637 5.943210951489 9.241340695128 0 0.994811415672 0 0 0 0 
132 188 -8 6 10 0 0.975343585014 -8 6 10 0 0.975343585014 0 0 0 0 
140 188 0 0 0 0 0 0 0 0 0 0 0 0 0 0 
148 188 0 0 0 0 0 0 0 0 0 0 0 0 0 0 
156 188 0 0 0 0 0 0 0 0 0 0 0 0 0 0 
12 196 0 0 0 0 0 0 0 0 0 0 0 0 0 0 
20 196 0 0 0 0 0 0 0 0 0 0 0 0 0 0 
28 196 0 0 0 0 0 0 0 0 0 0 0 0 0 0 
36 196 0 0 0 0 0 0 0 0 0 0 0 0 0 0 
44 196 0 0 0 0 0 0 0 0 0 0 0 0 0 0 
52 196 0 0 0 0 0 0 0 0 0 0 0 0 0 0 
60 196 -6.031410426779 -4.014611072494 7.245344284411 0 0.999553978443 8 4 8.944271909999 0 0.972645699978 0 0 0 0 
68 196 -3.568688033733 -2.082111677778 4.131673186598 0 0.987077653408 8 3 8.544003745318 0 0.978502571583 0 0 0 0 
76 196 4.891268655169 1.29571668927 5.059979327615 0 0.989525616169 4.891268655169 1.29571668927 5.059979327615 0 0.989525616169 0 0 0 0 
84 196 -0.732675760028 0.15906278802 0.749743115917 0 0.986084222794 -0.732675760028 0.15906278802 0.749743115917 0 0.986084222794 0 0 0 0 
92 196 -4.502443398891 -0.033717544486 4.50256964777 0 0.995320618153 8 0 8 0 0.988466501236 0 0 0 0 
100 196 2.043744055583 0.75249153534 2.17787356738 0 0.970878899097 2.043744055583 0.75249153534 2.17787356738 0 0.970878899097 0 0 0 0 
108 196 -1.793751190498 1.932781157976 2.636889519498 0 0.988748967648 -1.793751190498 1.932781157976 2.636889519498 0 0.988748967648 0 0 0 0 
116 196 6.06917551623 -3.965918650719 7.250062219797 0 0.999781727791 6.06917551623 -3.965918650719 7.250062219797 0 0.999781727791 0 0 0 0 
124 196 8 -6 10 0 0.999948441982 -2.083754300489 1.935945811066 2.844278145363 0 0.99978107214 0 0 0 0 
132 196 0 0 0 0 0 0 0 0 0 0 0 0 0 0 
140 196 0 0 0 0 0 0 0 0 0 0 0 0 0 0 
148 196 0 0 0 0 0 0 0 0 0 0 0 0 0 0 
156 196 0 0 0 0 0 0 0 0 0 0 0 0 0 0 
12 204 0 0 0 0 0 0 0 0 0 0 0 0 0 0 
20 204 0 0 0 0 0 0 0 0 0 0 0 0 0 0 
28 204 0 0 0 0 0 0 0 0 0 0 0 0 0 0 
36 204 0 0 0 0 0 0 0 0 0 0 0 0 0 0 
44 204 0 0 0 0 0 0 0 0 0 0 0 0 0 0 
52 204 0 0 0 0 0 0 0 0 0 0 0 0 0 0 
60 204 0 0 0 0 0 0 0 0 0 0 0 0 0 0 
68 204 0 0 0 0 0 0 0 0 0 0 0 0 0 0 
76 204 -2.018067215611 0.086632971558 2.019925879453 0 0.998494744301 6.534963810434 1.666509830636 6.744109060453 0 0.933769285679 0 0 0 0 
84 204 -4.178062895555 -0.052556094968 4.17839343556 0 0.99659383297 8 0 8 0 0.805023133755 0 0 0 0 
92 204 -4.329897747726 0.109587346855 4.331284323657 0 0.977696120739 8 0 8 0 0.958541214466 0 0 0 0 
100 204 8 0 8 0 0.939167499542 -5.637214870097 0.49786123923 5.659156942971 0 0.610684216022 0 0 0 0 
108 204 -3.614406452141 2.281795441417 4.274403401382 0 0.988665938377 4.696390145579 -1.303353955416 4.873890841268 0 0.802790820599 0 0 0 0 
116 204 -4.21395436776 1.766276238427 4.569151252037 0 1 1.78604563224 -0.182962510758 1.795392514407 0 1 0 0 0 0 
124 204 0 0 0 0 0 0 0 0 0 0 0 0 0 0 
132 204 0 0 0 0 0 0 0 0 0 0 0 0 0 0 
140 204 0 0 0 0 0 0 0 0 0 0 0 0 0 0 
148 204 0 0 0 0 0 0 0 0 0 0 0 0 0 0 
156 204 0 0 0 0 0 0 0 0 0 0 0 0 0 0 
12 212 0 0 0 0 0 0 0 0 0 0 0 0 0 0 
20 212 0 0 0 0 0 0 0 0 0 0 0 0 0 0 
28 212 0 0 0 0 0 0 0 0 0 0 0 0 0 0 
36 212 0 0 0 0 0 0 0 0 0 0 0 0 0 0 
44 212 0 0 0 0 0 0 0 0 0 0 0 0 0 0 
52 212 0 0 0 0 0 0 0 0 0 0 0 0 0 0 
60 212 0 0 0 0 0 0 0 0 0 0 0 0 0 0 
68 212 0 0 0 0 0 0 0 0 0 0 0 0 0 0 
76 212 0 0 0 0 0 0 0 0 0 0 0 0 0 0 
84 212 0 0 0 0 0 0 0 0 0 0 0 0 0 0 
92 212 0 0 0 0 0 0 0 0 0 0 0 0 0 0 
100 212 0 0 0 0 0 0 0 0 0 0 0 0 0 0 
108 212 0 0 0 0 0 0 0 0 0 0 0 0 0 0 
116 212 0 0 0 0 0 0 0 0 0 0 0 0 0 0 
124 212 0 0 0 0 0 0 0 0 0 0 0 0 0 0 
132 212 0 0 0 0 0 0 0 0 0 0 0 0 0 0 
140 212 0 0 0 0 0 0 0 0 0 0 0 0 0 0 
148 212 0 0 0 0 0 0 0 0 0 0 0 0 0 0 
156 212 0 0 0 0 0 0 0 0 0 0 0 0 0 0 
12 220 0 0 0 0 0 0 0 0 0 0 0 0 0 0 
20 220 0 0 0 0 0 0 0 0 0 0 0 0 0 0 
28 220 0 0 0 0 0 0 0 0 0 0 0 0 0 0 
36 220 0 0 0 0 0 0 0 0 0 0 0 0 0 0 
44 220 0 0 0 0 0 0 0 0 0 0 0 0 0 0 
52 220 0 0 0 0 0 0 0 0 0 0 0 0 0 0 
60 220 0 0 0 0 0 0 0 0 0 0 0 0 0 0 
68 220 0 0 0 0 0 0 0 0 0 0 0 0 0 0 
76 220 0 0 0 0 0 0 0 0 0 0 0 0 0 0 
84 220 0 0 0 0 0 0 0 0 0 0 0 0 0 0 
92 220 0 0 0 0 0 0 0 0 0 0 0 0 0 0 
100 220 0 0 0 0 0 0 0 0 0 0 0 0 0 0 
108 220 0 0 0 0 0 0 0 0 0 0 0 0 0 0 
116 220 0 0 0 0 0 0 0 0 0 0 0 0 0 0 
124 220 0 0 0 0 0 0 0 0 0 0 0 0 0 0 
132 220 0 0 0 0 0 0 0 0 0 0 0 0 0 0 
140 220 0 0 0 0 0 0 0 0 0 0 0 0 0 0 
148 220 0 0 0 0 0 0 0 0 0 0 0 0 0 0 
156 220 0 0 0 0 0 0 0 0 0 0 0 0 0 0 
12 228 0 0 0 0 0 0 0 0 0 0 0 0 0 0 
20 228 0 0 0 0 0 0 0 0 0 0 0 0 0 0 
28 228 0 0 0 0 0 0 0 0 0 0 0 0 0 0 
36 228 0 0 0 0 0 0 0 0 0 0 0 0 0 0 
44 228 0 0 0 0 0 0 0 0 0 0 0 0 0 0 
52 228 0 0 0 0 0 0 0 0 0 0 0 0 0 0 
60 228 0 0 0 0 0 0 0 0 0 0 0 0 0 0 
68 228 0 0 0 0 0 0 0 0 0 0 0 0 0 0 
76 228 0 0 0 0 0 0 0 0 0 0 0 0 0 0 
84 228 0 0 0 0 0 0 0 0 0 0 0 0 0 0 
92 228 0 0 0 0 0 0 0 0 0 0 0 0 0 0 
100 228 0 0 0 0 0 0 0 0 0 0 0 0 0 0 
108 228 0 0 0 0 0 0 0 0 0 0 0 0 0 0 
116 228 0 0 0 0 0 0 0 0 0 0 0 0 0 0 
124 228 0 0 0 0 0 0 0 0 0 0 0 0 0 0 
132 228 0 0 0 0 0 0 0 0 0 0 0 0 0 0 
140 228 0 0 0 0 0 0 0 0 0 0 0 0 0 0 
148 228 0 0 0 0 0 0 0 0 0 0 0 0 0 0 
156 228 0 0 0 0 0 0 0 0 0 0 0 0 0 0 
