12 12 0 0 0 0 0 0 0 0 0 0 0 0 0 0 
20 12 0 0 0 0 0 0 0 0 0 0 0 0 0 0 
28 12 0 0 0 0 0 0 0 0 0 0 0 0 0 0 
36 12 0 0 0 0 0 0 0 0 0 0 0 0 0 0 
44 12 0 0 0 0 0 0 0 0 0 0 0 0 0 0 
52 12 0 0 0 0 0 0 0 0 0 0 0 0 0 0 
60 12 0 0 0 0 0 0 0 0 0 0 0 0 0 0 
68 12 0 0 0 0 0 0 0 0 0 0 0 0 0 0 
76 12 0 0 0 0 0 0 0 0 0 0 0 0 0 0 
84 12 0 0 0 0 0 0 0 0 0 0 0 0 0 0 
92 12 0 0 0 0 0 0 0 0 0 0 0 0 0 0 
100 12 0 0 0 0 0 0 0 0 0 0 0 0 0 0 
108 12 0 0 0 0 0 0 0 0 0 0 0 0 0 0 
116 12 0 0 0 0 0 0 0 0 0 0 0 0 0 0 
124 12 0 0 0 0 0 0 0 0 0 0 0 0 0 0 
132 12 0 0 0 0 0 0 0 0 0 0 0 0 0 0 
140 12 0 0 0 0 0 0 0 0 0 0 0 0 0 0 
148 12 0 0 0 0 0 0 0 0 0 0 0 0 0 0 
156 12 0 0 0 0 0 0 0 0 0 0 0 0 0 0 
12 20 0 0 0 0 0 0 0 0 0 0 0 0 0 0 
20 20 0 0 0 0 0 0 0 0 0 0 0 0 0 0 
28 20 0 0 0 0 0 0 0 0 0 0 0 0 0 0 
36 20 0 0 0 0 0 0 0 0 0 0 0 0 0 0 
44 20 0 0 0 0 0 0 0 0 0 0 0 0 0 0 
52 20 0 0 0 0 0 0 0 0 0 0 0 0 0 0 
60 20 0 0 0 0 0 0 0 0 0 0 0 0 0 0 
68 20 0 0 0 0 0 0 0 0 0 0 0 0 0 0 
76 20 0 0 0 0 0 0 0 0 0 0 0 0 0 0 
84 20 0 0 0 0 0 0 0 0 0 0 0 0 0 0 
92 20 0 0 0 0 0 0 0 0 0 0 0 0 0 0 
100 20 0 0 0 0 0 0 0 0 0 0 0 0 0 0 
108 20 0 0 0 0 0 0 0 0 0 0 0 0 0 0 
116 20 0 0 0 0 0 0 0 0 0 0 0 0 0 0 
124 20 0 0 0 0 0 0 0 0 0 0 0 0 0 0 
132 20 0 0 0 0 0 0 0 0 0 0 0 0 0 0 
140 20 0 0 0 0 0 0 0 0 0 0 0 0 0 0 
148 20 0 0 0 0 0 0 0 0 0 0 0 0 0 0 
156 20 0 0 0 0 0 0 0 0 0 0 0 0 0 0 
12 28 0 0 0 0 0 0 0 0 0 0 0 0 0 0 
20 28 0 0 0 0 0 0 0 0 0 0 0 0 0 0 
28 28 0 0 0 0 0 0 0 0 0 0 0 0 0 0 
36 28 0 0 0 0 0 0 0 0 0 0 0 0 0 0 
44 28 0 0 0 0 0 0 0 0 0 0 0 0 0 0 
52 28 0 0 0 0 0 0 0 0 0 0 0 0 0 0 
60 28 0 0 0 0 0 0 0 0 0 0 0 0 0 0 
68 28 0 0 0 0 0 0 0 0 0 0 0 0 0 0 
76 28 0 0 0 0 0 0 0 0 0 0 0 0 0 0 
84 28 0 0 0 0 0 0 0 0 0 0 0 0 0 0 
92 28 0 0 0 0 0 0 0 0 0 0 0 0 0 0 
100 28 -2.486830779077 -2.714175799897 3.681178832455 0 0.961516499519 -8 -1 8.062257748299 0 0.726203560829 0 0 0 0 
108 28 -3.448786842981 -2.091395657015 4.033369123016 0 0.986901879311 -3.448786842981 -2.091395657015 4.033369123016 0 0.986901879311 0 0 0 0 
116 28 -1.975836528835 -2.011733338785 2.819751942115 0 0.992871582508 -1.975836528835 -2.011733338785 2.819751942115 0 0.992871582508 0 0 0 0 
124 28 5.654388897022 1.869821326266 5.955530672487 0 0.99501144886 8 6 10 0 0.976548492908 0 0 0 0 
132 28 0 0 0 0 0 0 0 0 0 0 0 0 0 0 
140 28 0 0 0 0 0 0 0 0 0 0 0 0 0 0 
148 28 0 0 0 0 0 0 0 0 0 0 0 0 0 0 
156 28 0 0 0 0 0 0 0 0 0 0 0 0 0 0 
12 36 0 0 0 0 0 0 0 0 0 0 0 0 0 0 
20 36 0 0 0 0 0 0 0 0 0 0 0 0 0 0 
28 36 0 0 0 0 0 0 0 0 0 0 0 0 0 0 
36 36 0 0 0 0 0 0 0 0 0 0 0 0 0 0 
44 36 0 0 0 0 0 0 0 0 0 0 0 0 0 0 
52 36 0 0 0 0 0 0 0 0 0 0 0 0 0 0 
60 36 0 0 0 0 0 0 0 0 0 0 0 0 0 0 
68 36 0.064945941117 -1.932378750787 1.933469837303 0 0.999877929688 -8 8 11.313708498985 0 0.961869120598 0 0 0 0 
76 36 3.790040870119 -3.994669730527 5.506523045731 0 0.998918473721 3.790040870119 -3.994669730527 5.506523045731 0 0.998918473721 0 0 0 0 
84 36 3.212507652651 -3.915411822989 5.064647585167 0 0.992617070675 3.212507652651 -3.915411822989 5.064647585167 0 0.992617070675 0 0 0 0 
92 36 2.018161448757 -4.012085682479 4.491080845053 0 0.998907983303 2.018161448757 -4.012085682479 4.491080845053 0 0.998907983303 0 0 0 0 
100 36 1.794017768939 -3.945286149216 4.334026136799 0 0.998585939407 1.794017768939 -3.945286149216 4.334026136799 0 0.998585939407 0 0 0 0 
108 36 -2.533030282962 -2.432896263648 3.512154131595 0 0.987177014351 -2.533030282962 -2.432896263648 3.512154131595 0 0.987177014351 0 0 0 0 
116 36 -1.077869852483 -2.128225218593 2.385612290367 0 0.994698345661 -1.077869852483 -2.128225218593 2.385612290367 0 0.994698345661 0 0 0 0 
124 36 -3.898827502181 -3.910531640534 5.522057008342 0 0.996890723705 8 7 10.630145812735 0 0.968462586403 0 0 0 0 
132 36 -4.023264943448 -3.946881033327 5.636003078106 0 0.999943554401 2.974715389173 4.017798773599 4.999163793248 0 0.995914041996 0 0 0 0 
140 36 0 0 0 0 0 0 0 0 0 0 0 0 0 0 
148 36 0 0 0 0 0 0 0 0 0 0 0 0 0 0 
156 36 0 0 0 0 0 0 0 0 0 0 0 0 0 0 
12 44 0 0 0 0 0 0 0 0 0 0 0 0 0 0 
20 44 0 0 0 0 0 0 0 0 0 0 0 0 0 0 
28 44 0 0 0 0 0 0 0 0 0 0 0 0 0 0 
36 44 0 0 0 0 0 0 0 0 0 0 0 0 0 0 
44 44 0 0 0 0 0 0 0 0 0 0 0 0 0 0 
52 44 0 0 0 0 0 0 0 0 0 0 0 0 0 0 
60 44 -6 8 10 0 0.999226033688 1.787483651541 -5.131074792224 5.433509577421 0 0.987198710442 0 0 0 0 
68 44 1.271248894735 -2.585081896408 2.880750277879 0 0.995502650738 -7 8 10.630145812735 0 0.972278892994 0 0 0 0 
76 44 1.247817117188 -2.824747652824 3.088081420572 0 0.996868252754 8 7 10.630145812735 0 0.621275007725 0 0 0 0 
84 44 2.981203729864 -3.965652369524 4.961247262017 0 0.995466589928 2.587077667131 5.846263066448 6.393102744199 0 0.708266615868 0 0 0 0 
92 44 1.664567005433 -3.988620477517 4.322022284677 0 0.996527493 -6.241274172237 6.390600888374 8.932708604198 0 0.737204670906 0 0 0 0 
100 44 1.387798132857 -3.875777873386 4.11675087677 0 0.995842635632 7 8 10.630145812735 0 -0.093056373298 0 0 0 0 
108 44 -1.862609659608 -2.887169926983 3.43584995763 0 0.959601163864 8 8 11.313708498985 0 0.131725087762 0 0 0 0 
116 44 -0.975593437063 -2.36637818528 2.559595333292 0 0.979694008827 -8 8 11.313708498985 0 -0.128240957856 0 0 0 0 
124 44 -4.248569908196 -3.801351396 5.700931388878 0 0.979123532772 4.215015740407 3.853277074132 5.710875756126 0 0.96810656786 0 0 0 0 
132 44 1.313823689233 2.706085174585 3.00816051076 0 0.97876060009 1.313823689233 2.706085174585 3.00816051076 0 0.97876060009 0 0 0 0 
140 44 0.409061252606 2.848276880768 2.877501050895 0 0.995567619801 -6.22809197952 -2.80310862175 6.829827790705 0 0.993693649769 0 0 0 0 
148 44 0 0 0 0 0 0 0 0 0 0 0 0 0 0 
156 44 0 0 0 0 0 0 0 0 0 0 0 0 0 0 
12 52 0 0 0 0 0 0 0 0 0 0 0 0 0 0 
20 52 0 0 0 0 0 0 0 0 0 0 0 0 0 0 
28 52 0 0 0 0 0 0 0 0 0 0 0 0 0 0 
36 52 0 0 0 0 0 0 0 0 0 0 0 0 0 0 
44 52 0 0 0 0 0 0 0 0 0 0 0 0 0 0 
52 52 -1.881953794367 4.089097529393 4.501385196695 0 0.99987745285 -6 8 10 0 0.994581341743 0 0 0 0 
60 52 -5.018369402919 6.943132311443 8.566861604949 0 0.993325889111 -5.018369402919 6.943132311443 8.566861604949 0 0.993325889111 0 0 0 0 
68 52 1.981002855875 -2.997171920015 3.592688663537 0 0.98654794693 -4.729675007196 6.426379582944 7.979234312751 0 0.986248970032 0 0 0 0 
76 52 1.340741852981 -2.77110499637 3.078410566712 0 0.989741563797 -6.201130021976 6.798276180949 9.201661403351 0 0.955894529819 0 0 0 0 
84 52 1.635871062608 -3.351981052496 3.729859395442 0 0.956858038902 1.635871062608 -3.351981052496 3.729859395442 0 0.956858038902 0 0 0 0 
92 52 0.651494742612 -2.933161253715 3.004643130214 0 0.889439105988 -6 8 10 0 0.098647147417 0 0 0 0 
100 52 0.965933003997 -1.934605818028 2.16234276639 0 0.951344370842 0.965933003997 -1.934605818028 2.16234276639 0 0.951344370842 0 0 0 0 
108 52 0.559103499351 -0.04847376303 0.561200880869 0 0.832841277122 8 -8 11.313708498985 0 -0.194626480341 0 0 0 0 
116 52 -0.036176907407 0.245647102319 0.248296732777 0 0.8267775774 -8 8 11.313708498985 0 0.41976955533 0 0 0 0 
124 52 2.162937649767 2.762388017172 3.508430822204 0 0.978042662144 2.162937649767 2.762388017172 3.508430822204 0 0.978042662144 0 0 0 0 
132 52 -0.087182933482 2.014718747579 2.016604199078 0 0.976772069931 -0.087182933482 2.014718747579 2.016604199078 0 0.976772069931 0 0 0 0 
140 52 0.006736580432 2.732483630647 2.732491934713 0 0.996255278587 -8 -8 11.313708498985 0 0.86500287056 0 0 0 0 
148 52 -0.497627292294 3.799794605364 3.832241115194 0 0.991683483124 -3.018739796242 -2.916722005865 4.19762518776 0 0.907614529133 0 0 0 0 
156 52 0 0 0 0 0 0 0 0 0 0 0 0 0 0 
12 60 0 0 0 0 0 0 0 0 0 0 0 0 0 0 
20 60 0 0 0 0 0 0 0 0 0 0 0 0 0 0 
28 60 0 0 0 0 0 0 0 0 0 0 0 0 0 0 
36 60 0 0 0 0 0 0 0 0 0 0 0 0 0 0 
44 60 -6 8 10 0 1 -1.502205525918 4.21395436776 4.473704600849 0 1 0 0 0 0 
52 60 4.037117232824 -4.007535052738 5.688466643173 0 0.999693214893 4.037117232824 -4.007535052738 5.688466643173 0 0.999693214893 0 0 0 0 
60 60 2.917244800662 -3.09250740544 4.251343232402 0 0.99495357275 2.917244800662 -3.09250740544 4.251343232402 0 0.99495357275 0 0 0 0 
68 60 1.900779016023 -2.279375311524 2.967913859689 0 0.984422564507 1.900779016023 -2.279375311524 2.967913859689 0 0.984422564507 0 0 0 0 
76 60 1.1060747891 -3.521439796977 3.691062134781 0 0.88541251421 8 8 11.313708498985 0 0.180933043361 0 0 0 0 
84 60 1.647630751009 -3.570334936219 3.932172255695 0 0.854113638401 8 8 11.313708498985 0 0.157696455717 0 0 0 0 
92 60 2.043841292385 -3.068272000041 3.686676049599 0 0.860955417156 2 8 8.246211251235 0 0.184381067753 0 0 0 0 
100 60 1.625329969246 -1.916576308694 2.51295886476 0 0.925002455711 1.625329969246 -1.916576308694 2.51295886476 0 0.925002455711 0 0 0 0 
108 60 0.877353973593 -1.054917533856 1.372079078703 0 0.912267506123 0.877353973593 -1.054917533856 1.372079078703 0 0.912267506123 0 0 0 0 
116 60 -1.562112798017 0.239157658215 1.580314139407 0 0.939649283886 -7.277626847665 4.855731485336 8.748827395231 0 0.897818744183 0 0 0 0 
124 60 -0.303929428211 1.458172859488 1.489510384482 0 0.89508908987 -8 5 9.433981132057 0 0.698881685734 0 0 0 0 
132 60 -0.261987260864 2.869110363395 2.881046962858 0 0.98415094614 -8 -8 11.313708498985 0 0.556234359741 0 0 0 0 
140 60 -0.22323607575 3.494227154313 3.501350846667 0 0.99521458149 -0.22323607575 3.494227154313 3.501350846667 0 0.99521458149 0 0 0 0 
148 60 -0.497931961744 3.767562064705 3.800323690152 0 0.973130464554 -0.497931961744 3.767562064705 3.800323690152 0 0.973130464554 0 0 0 0 
156 60 0 0 0 0 0 0 0 0 0 0 0 0 0 0 
12 68 0 0 0 0 0 0 0 0 0 0 0 0 0 0 
20 68 0 0 0 0 0 0 0 0 0 0 0 0 0 0 
28 68 0 0 0 0 0 0 0 0 0 0 0 0 0 0 
36 68 0 0 0 0 0 0 0 0 0 0 0 0 0 0 
44 68 -2.953876989289 1.660801514067 3.38875359638 0 0.989259839058 -2.953876989289 1.660801514067 3.38875359638 0 0.989259839058 0 0 0 0 
52 68 -0.814565041653 1.135517215196 1.397467549924 0 0.988807201385 -0.814565041653 1.135517215196 1.397467549924 0 0.988807201385 0 0 0 0 
60 68 -1.351829176893 1.506495200066 2.02409730777 0 0.98806643486 -1.351829176893 1.506495200066 2.02409730777 0 0.98806643486 0 0 0 0 
68 68 -2.204090481105 3.002207174585 3.724414419479 0 0.89956766367 2.120028328028 -2.875452658924 3.572498860092 0 0.898219943047 0 0 0 0 
76 68 -2.193598012182 4.073436477472 4.626527528832 0 0.720415890217 -8 -8 11.313708498985 0 -0.197701379657 0 0 0 0 
84 68 2.667169104865 -1.673206023456 3.148556721877 0 0.759720444679 -8 -8 11.313708498985 0 0.14004394412 0 0 0 0 
92 68 8 -8 11.313708498985 0 0.782514989376 -2 8 8.246211251235 0 0.55861055851 0 0 0 0 
100 68 5.976316911344 -6.995424161442 9.200669705153 0 0.824105679989 5.976316911344 -6.995424161442 9.200669705153 0 0.824105679989 0 0 0 0 
108 68 0.537861797922 -1.453637665511 1.549954120694 0 0.888817667961 0.537861797922 -1.453637665511 1.549954120694 0 0.888817667961 0 0 0 0 
116 68 -1.43591231192 0.726900947791 1.609418887494 0 0.789822340012 -8 5 9.433981132057 0 0.739783883095 0 0 0 0 
124 68 0.563065501248 2.946405577418 2.999724751596 0 0.775109708309 8 8 11.313708498985 0 0.490353703499 0 0 0 0 
132 68 -0.223162847101 -0.692383244254 0.727458736458 0 0.985080480576 -0.223162847101 -0.692383244254 0.727458736458 0 0.985080480576 0 0 0 0 
140 68 -0.251671499749 -1.028952274688 1.059283402764 0 0.994288265705 -0.251671499749 -1.028952274688 1.059283402764 0 0.994288265705 0 0 0 0 
148 68 -0.497849209244 -1.759628761711 1.828700963577 0 0.96391004324 -0.497849209244 -1.759628761711 1.828700963577 0 0.96391004324 0 0 0 0 
156 68 0 0 0 0 0 0 0 0 0 0 0 0 0 0 
12 76 0 0 0 0 0 0 0 0 0 0 0 0 0 0 
20 76 0 0 0 0 0 0 0 0 0 0 0 0 0 0 
28 76 0 0 0 0 0 0 0 0 0 0 0 0 0 0 
36 76 1.280923784072 1.395487593167 1.894241632761 0 0.988168001175 8 -8 11.313708498985 0 0.902069151402 0 0 0 0 
44 76 2.335080888663 -2.530623716133 3.443349989364 0 0.972519040108 2.335080888663 -2.530623716133 3.443349989364 0 0.972519040108 0 0 0 0 
52 76 0.736818607884 -1.387456151883 1.570966656019 0 0.973602771759 0.736818607884 -1.387456151883 1.570966656019 0 0.973602771759 0 0 0 0 
60 76 -0.727999103094 0.368035488771 0.815740654314 0 0.963371098042 8 8 11.313708498985 0 0.269565403461 0 0 0 0 
68 76 -0.828152083093 2.898020035307 3.014026542314 0 0.974941492081 -8 -8 11.313708498985 0 0.398719251156 0 0 0 0 
76 76 -0.074266457397 1.014222840339 1.016938285521 0 0.979090809822 -8 -8 11.313708498985 0 0.179965466261 0 0 0 0 
84 76 0.023106205498 1.119461930938 1.119700366863 0 0.978468716145 0.023106205498 1.119461930938 1.119700366863 0 0.978468716145 0 0 0 0 
92 76 0.274589391748 0.996475613236 1.0336164578 0 0.762382864952 0.274589391748 0.996475613236 1.0336164578 0 0.762382864952 0 0 0 0 
100 76 2.131606923549 -0.149014427763 2.136809157647 0 0.875623643398 -4.807826903664 4.15348057539 6.353471525531 0 0.728154599667 0 0 0 0 
108 76 -0.604831176214 0.951350192933 1.127336658373 0 0.886929452419 8 -1 8.062257748299 0 0.515702366829 0 0 0 0 
116 76 -1.386553178368 1.771612633325 2.249697988397 0 0.736859858036 -8 -8 11.313708498985 0 -0.36976391077 0 0 0 0 
124 76 -0.446709047367 2.055995802892 2.103964760757 0 0.62325489521 -6.98821800257 3.074654434756 7.634703055431 0 0.325501352549 0 0 0 0 
132 76 -1.042055689246 3.059573198396 3.232161539254 0 0.992773532867 -1.042055689246 3.059573198396 3.232161539254 0 0.992773532867 0 0 0 0 
140 76 -2.046410134445 5.552074603377 5.917205999441 0 0.994040906429 -2.046410134445 5.552074603377 5.917205999441 0 0.994040906429 0 0 0 0 
148 76 -0.497889892017 -1.610473247667 1.685680404473 0 0.986444234848 -2.483502254134 6.41915898242 6.882832664527 0 0.975962400436 0 0 0 0 
156 76 0 0 0 0 0 0 0 0 0 0 0 0 0 0 
12 84 0 0 0 0 0 0 0 0 0 0 0 0 0 0 
20 84 0 0 0 0 0 0 0 0 0 0 0 0 0 0 
28 84 0 0 0 0 0 0 0 0 0 0 0 0 0 0 
36 84 2.49307701944 -2.132074963604 3.280423246364 0 0.980206251144 2.49307701944 -2.132074963604 3.280423246364 0 0.980206251144 0 0 0 0 
44 84 2.219241023458 -2.383173065422 3.256461972747 0 0.987462937832 2.219241023458 -2.383173065422 3.256461972747 0 0.987462937832 0 0 0 0 
52 84 2.273079410417 -2.62754182744 3.4743151931 0 0.960947275162 8 8 11.313708498985 0 0.221023529768 0 0 0 0 
60 84 1.268361370406 -2.211601024617 2.54949400039 0 0.689824819565 -4.211381162229 0.25885817507 4.219329194123 0 0.533819019794 0 0 0 0 
68 84 0.43777408258 -0.846788952652 0.953256354667 0 0.984160065651 -8 -8 11.313708498985 0 0.266672998667 0 0 0 0 
76 84 0.536212608779 -1.419095237339 1.517021837171 0 0.964347600937 0.536212608779 -1.419095237339 1.517021837171 0 0.964347600937 0 0 0 0 
84 84 0.713941551709 -1.120458625988 1.328585741233 0 0.983334779739 0.713941551709 -1.120458625988 1.328585741233 0 0.983334779739 0 0 0 0 
92 84 1.180697227425 -4.191724250881 4.354836178121 0 0.777448952198 1.180697227425 -4.191724250881 4.354836178121 0 0.777448952198 0 0 0 0 
100 84 2.154154924832 -0.554630957946 2.224409795809 0 0.823989212513 -5.634787252402 0.533421891432 5.659979354564 0 0.727436423302 0 0 0 0 
108 84 -3.505095811549 2.869871015901 4.53010555021 0 0.856440424919 8 -1 8.062257748299 0 0.674001157284 0 0 0 0 
116 84 -3.929417789515 3.413875714175 5.205273437235 0 0.795734524727 -8 -8 11.313708498985 0 -0.353887498379 0 0 0 0 
124 84 0.089785893908 0.763881684237 0.769140256557 0 0.975504457951 -4 -8 8.944271909999 0 -0.034670852125 0 0 0 0 
132 84 -0.085925836722 0.839298168714 0.843685169612 0 0.997390687466 -0.085925836722 0.839298168714 0.843685169612 0 0.997390687466 0 0 0 0 
140 84 -0.840555601268 3.033415321492 3.147720164101 0 0.995247364044 -0.840555601268 3.033415321492 3.147720164101 0 0.995247364044 0 0 0 0 
148 84 0 0 0 0 0 0 0 0 0 0 0 0 0 0 
156 84 0 0 0 0 0 0 0 0 0 0 0 0 0 0 
12 92 0 0 0 0 0 0 0 0 0 0 0 0 0 0 
20 92 0 0 0 0 0 0 0 0 0 0 0 0 0 0 
28 92 0 0 0 0 0 0 0 0 0 0 0 0 0 0 
36 92 3.541095095565 5.193405474024 6.28576287283 0 0.96383535862 1.146044502439 -2.249927163393 2.524993117247 0 0.920988798141 0 0 0 0 
44 92 3.205863945512 3.607808813877 4.826370072283 0 0.989250302315 3.205863945512 3.607808813877 4.826370072283 0 0.989250302315 0 0 0 0 
52 92 1.993714585741 0.899858668914 2.187382790784 0 0.952786266804 1.993714585741 0.899858668914 2.187382790784 0 0.952786266804 0 0 0 0 
60 92 2.232240673117 -3.886985827141 4.482360677491 0 0.761967003345 8 8 11.313708498985 0 0.558857679367 0 0 0 0 
68 92 0.56893988933 -2.065525210911 2.142448831263 0 0.979621231556 -8 8 11.313708498985 0 -0.06436817348 0 0 0 0 
76 92 0.864772577025 -1.938656685709 2.122786224522 0 0.982049703598 0.864772577025 -1.938656685709 2.122786224522 0 0.982049703598 0 0 0 0 
84 92 0.599032124024 -1.297102758118 1.428745971378 0 0.98237490654 0.599032124024 -1.297102758118 1.428745971378 0 0.98237490654 0 0 0 0 
92 92 0.293993088802 -1.059542622944 1.099573783835 0 0.944151699543 0.293993088802 -1.059542622944 1.099573783835 0 0.944151699543 0 0 0 0 
100 92 1.344528635072 0.354080924649 1.390370652642 0 0.943306565285 1.344528635072 0.354080924649 1.390370652642 0 0.943306565285 0 0 0 0 
108 92 -1.409557852209 0.000877308064 1.409558125227 0 0.905135273933 8 -5 9.433981132057 0 0.769924104214 0 0 0 0 
116 92 -2.816208810636 1.233439404883 3.074476350637 0 0.70519977808 8 7 10.630145812735 0 -0.266557604074 0 0 0 0 
124 92 0.070031182116 1.045517112437 1.047859913761 0 0.992731273174 0.070031182116 1.045517112437 1.047859913761 0 0.992731273174 0 0 0 0 
132 92 -0.027308743721 0.938959189799 0.9393562304 0 0.997604966164 -0.027308743721 0.938959189799 0.9393562304 0 0.997604966164 0 0 0 0 
140 92 2.974140341921 -6.438892438771 7.092590966036 0 0.992109358311 -3 8 8.544003745318 0 0.975910305977 0 0 0 0 
148 92 0 0 0 0 0 0 0 0 0 0 0 0 0 0 
156 92 0 0 0 0 0 0 0 0 0 0 0 0 0 0 
12 100 0 0 0 0 0 0 0 0 0 0 0 0 0 0 
20 100 0 0 0 0 0 0 0 0 0 0 0 0 0 0 
28 100 0 0 0 0 0 0 0 0 0 0 0 0 0 0 
36 100 4.234927832484 6.002037791456 7.345683861725 0 0.989067077637 -0.328803875599 -6.328535406592 6.337071277893 0 0.964593052864 0 0 0 0 
44 100 -0.772122934543 -7.327876339973 7.368442540997 0 0.986776649952 -0.772122934543 -7.327876339973 7.368442540997 0 0.986776649952 0 0 0 0 
52 100 -0.194603931693 -4.60793723572 4.612044693904 0 0.982942402363 -0.194603931693 -4.60793723572 4.612044693904 0 0.982942402363 0 0 0 0 
60 100 0.871660139572 -3.341455756158 3.453276410785 0 0.893578767776 0.871660139572 -3.341455756158 3.453276410785 0 0.893578767776 0 0 0 0 
68 100 0.386956712775 -2.908772776084 2.934398500621 0 0.886255741119 0.386956712775 -2.908772776084 2.934398500621 0 0.886255741119 0 0 0 0 
76 100 1.210544144381 -1.58303656157 1.992842663324 0 0.909743905067 1.210544144381 -1.58303656157 1.992842663324 0 0.909743905067 0 0 0 0 
84 100 0.903532015063 -0.641342444472 1.10801183808 0 0.964412033558 6 -8 10 0 0.85888338089 0 0 0 0 
92 100 -0.435346075374 -1.240491126997 1.314665144248 0 0.931955516338 -8 7 10.630145812735 0 0.840321004391 0 0 0 0 
100 100 7.159696418881 -1.656202212514 7.348758982255 0 0.796459853649 -2.674277217639 -0.634315676343 2.748475034276 0 0.795987725258 0 0 0 0 
108 100 -3.714017694836 2.316272214435 4.37710456911 0 0.887330114841 -8 -8 11.313708498985 0 0.681145131588 0 0 0 0 
116 100 0.137229988743 0.547753958519 0.564682626688 0 0.913641273975 -8 -6 10 0 0.415614068508 0 0 0 0 
124 100 -0.993985529105 3.079020014003 3.235486281643 0 0.994283854961 -0.993985529105 3.079020014003 3.235486281643 0 0.994283854961 0 0 0 0 
132 100 -1.036768514898 3.216022059016 3.379006782704 0 0.993476510048 4 -8 8.944271909999 0 0.987334370613 0 0 0 0 
140 100 -0.497891294602 2.176335652538 2.232561894718 0 0.998335242271 3.501724298377 -7.300020060075 8.096441560299 0 0.989889800549 0 0 0 0 
148 100 0 0 0 0 0 0 0 0 0 0 0 0 0 0 
156 100 0 0 0 0 0 0 0 0 0 0 0 0 0 0 
12 108 0 0 0 0 0 0 0 0 0 0 0 0 0 0 
20 108 0 0 0 0 0 0 0 0 0 0 0 0 0 0 
28 108 0 0 0 0 0 0 0 0 0 0 0 0 0 0 
36 108 0 0 0 0 0 0 0 0 0 0 0 0 0 0 
44 108 1.86208572636 -1.762292116445 2.563793430836 0 0.995393812656 1.86208572636 -1.762292116445 2.563793430836 0 0.995393812656 0 0 0 0 
52 108 1.817532905398 -1.943402367071 2.660871778674 0 0.993768274784 1.817532905398 -1.943402367071 2.660871778674 0 0.993768274784 0 0 0 0 
60 108 0.568954643914 -2.622622403312 2.683627704654 0 0.975330591202 0.568954643914 -2.622622403312 2.683627704654 0 0.975330591202 0 0 0 0 
68 108 -0.775208192101 -3.146393281227 3.240484288073 0 0.842647790909 -0.775208192101 -3.146393281227 3.240484288073 0 0.842647790909 0 0 0 0 
76 108 -0.866810436403 -1.112421299073 1.410262911406 0 0.964590549469 -8 8 11.313708498985 0 -0.200171798468 0 0 0 0 
84 108 -0.694769028678 -0.426714111425 0.815345899664 0 0.957074820995 6 -8 10 0 0.801007986069 0 0 0 0 
92 108 -1.087754194603 -0.494635056768 1.194936411388 0 0.930971860886 2 -8 8.246211251235 0 0.460996836424 0 0 0 0 
100 108 -2.328771616557 -1.925270912719 3.021563391598 0 0.744247198105 8 -8 11.313708498985 0 0.005462327972 0 0 0 0 
108 108 -3.158384905008 1.556358002265 3.52102903132 0 0.908582925797 -3.158384905008 1.556358002265 3.52102903132 0 0.908582925797 0 0 0 0 
116 108 -1.284009850176 2.931912563684 3.20074875247 0 0.967878043652 -8 -8 11.313708498985 0 -0.151667863131 0 0 0 0 
124 108 -2.155757454821 4.638004774044 5.114526223227 0 0.995362401009 -2.155757454821 4.638004774044 5.114526223227 0 0.995362401009 0 0 0 0 
132 108 -1.745870960129 5.141862231051 5.430176112478 0 0.996587812901 0.709140283163 -2.163887344145 2.27712282922 0 0.973302543163 0 0 0 0 
140 108 0 0 0 0 0 0 0 0 0 0 0 0 0 0 
148 108 0 0 0 0 0 0 0 0 0 0 0 0 0 0 
156 108 0 0 0 0 0 0 0 0 0 0 0 0 0 0 
12 116 0 0 0 0 0 0 0 0 0 0 0 0 0 0 
20 116 0 0 0 0 0 0 0 0 0 0 0 0 0 0 
28 116 0 0 0 0 0 0 0 0 0 0 0 0 0 0 
36 116 0 0 0 0 0 0 0 0 0 0 0 0 0 0 
44 116 1.896044077139 -1.983213788227 2.743741983545 0 0.999067664146 1.896044077139 -1.983213788227 2.743741983545 0 0.999067664146 0 0 0 0 
52 116 0.734459084685 -2.809136818702 2.903563295894 0 0.992920875549 0.734459084685 -2.809136818702 2.903563295894 0 0.992920875549 0 0 0 0 
60 116 2.847834544776 -0.915739963651 2.991444680325 0 0.98974776268 2.847834544776 -0.915739963651 2.991444680325 0 0.98974776268 0 0 0 0 
68 116 2.310920376555 -0.82487347126 2.453725581715 0 0.983360886574 2.310920376555 -0.82487347126 2.453725581715 0 0.983360886574 0 0 0 0 
76 116 -0.205196438369 -0.678286021081 0.708644836793 0 0.956146299839 -0.205196438369 -0.678286021081 0.708644836793 0 0.956146299839 0 0 0 0 
84 116 -0.8948148845 -0.227351546981 0.923245581326 0 0.968166828156 -0.8948148845 -0.227351546981 0.923245581326 0 0.968166828156 0 0 0 0 
92 116 -1.188517929386 0.007082177143 1.188539029946 0 0.920903086662 8 7 10.630145812735 0 -0.151954516768 0 0 0 0 
100 116 -2.130125273396 0.075763035991 2.131472194983 0 0.577415168285 8 7 10.630145812735 0 -0.058421500027 0 0 0 0 
108 116 -2.102907614987 0.487331685477 2.158636747774 0 0.874050438404 -2.102907614987 0.487331685477 2.158636747774 0 0.874050438404 0 0 0 0 
116 116 -1.15570223997 2.010392568157 2.31890619594 0 0.982750475407 -1.15570223997 2.010392568157 2.31890619594 0 0.982750475407 0 0 0 0 
124 116 -1.274243066736 2.446780407917 2.758700737248 0 0.986590981483 -1.274243066736 2.446780407917 2.758700737248 0 0.986590981483 0 0 0 0 
132 116 1.99564201187 -4.312133069403 4.751534346691 0 0.99527233839 0.32043621553 3.097354694684 3.113885911992 0 0.954109013081 0 0 0 0 
140 116 0 0 0 0 0 0 0 0 0 0 0 0 0 0 
148 116 0 0 0 0 0 0 0 0 0 0 0 0 0 0 
156 116 0 0 0 0 0 0 0 0 0 0 0 0 0 0 
12 124 0 0 0 0 0 0 0 0 0 0 0 0 0 0 
20 124 0 0 0 0 0 0 0 0 0 0 0 0 0 0 
28 124 0 0 0 0 0 0 0 0 0 0 0 0 0 0 
36 124 0 0 0 0 0 0 0 0 0 0 0 0 0 0 
44 124 -2.123959495579 4.709190512197 5.166011925947 0 0.991775155067 2.284126094204 0.310145760996 2.305086203874 0 0.989695310593 0 0 0 0 
52 124 3.483292698311 -0.57214932276 3.529969244858 0 0.992207765579 3.483292698311 -0.57214932276 3.529969244858 0 0.992207765579 0 0 0 0 
60 124 3.327233975699 -0.615626957602 3.383708391687 0 0.989705622196 3.327233975699 -0.615626957602 3.383708391687 0 0.989705622196 0 0 0 0 
68 124 2.348160018763 -0.566161537607 2.415449101178 0 0.981109499931 2.348160018763 -0.566161537607 2.415449101178 0 0.981109499931 0 0 0 0 
76 124 -0.601703565841 -0.66752216363 0.898684049086 0 0.924168288708 -0.601703565841 -0.66752216363 0.898684049086 0 0.924168288708 0 0 0 0 
84 124 -0.521015038946 0.2276536606 0.568579686581 0 0.911745667458 -0.521015038946 0.2276536606 0.568579686581 0 0.911745667458 0 0 0 0 
92 124 0.146309222701 -0.16915240399 0.223649110042 0 0.874441385269 8 -8 11.313708498985 0 -0.341858506203 0 0 0 0 
100 124 -0.16316282046 -0.154330794828 0.224588735721 0 0.631758391857 -4 8 8.944271909999 0 0.525475084782 0 0 0 0 
108 124 -5.693213073935 6.946910651829 8.981772804392 0 0.654748260975 -1.926589946363 0.139902688648 1.931662906337 0 0.519574582577 0 0 0 0 
116 124 -0.888808791603 1.147419838033 1.45139703484 0 0.991612017155 -0.888808791603 1.147419838033 1.45139703484 0 0.991612017155 0 0 0 0 
124 124 -1.16838115684 1.455842289461 1.866706002413 0 0.995943903923 -1.16838115684 1.455842289461 1.866706002413 0 0.995943903923 0 0 0 0 
132 124 0.021088074306 6.400242939215 6.400277680527 0 0.986886918545 -1.635762966098 0.984507956301 1.909182127843 0 0.983978867531 0 0 0 0 
140 124 0 0 0 0 0 0 0 0 0 0 0 0 0 0 
148 124 0 0 0 0 0 0 0 0 0 0 0 0 0 0 
156 124 0 0 0 0 0 0 0 0 0 0 0 0 0 0 
12 132 0 0 0 0 0 0 0 0 0 0 0 0 0 0 
20 132 0 0 0 0 0 0 0 0 0 0 0 0 0 0 
28 132 0 0 0 0 0 0 0 0 0 0 0 0 0 0 
36 132 0.088144653661 3.790870649428 3.791895272903 0 0.99755614996 6.939067532267 -4.367976235077 8.199382574778 0 0.993218719959 0 0 0 0 
44 132 -0.217900786807 3.859598475283 3.865744578125 0 0.997442066669 7.283931922128 -3.592873974545 8.121847551091 0 0.99610388279 0 0 0 0 
52 132 6.412583653055 -2.688311295064 6.953290352531 0 0.991400241852 6.412583653055 -2.688311295064 6.953290352531 0 0.991400241852 0 0 0 0 
60 132 4.691458640268 -2.12660094548 5.150943190782 0 0.989816725254 4.691458640268 -2.12660094548 5.150943190782 0 0.989816725254 0 0 0 0 
68 132 2.097539615456 -0.783697438436 2.23916370849 0 0.966010689735 2.097539615456 -0.783697438436 2.23916370849 0 0.966010689735 0 0 0 0 
76 132 -1.561685284292 -0.028366123954 1.56194288121 0 0.868822693825 -1.561685284292 -0.028366123954 1.56194288121 0 0.868822693825 0 0 0 0 
84 132 -0.28970177933 -0.096485263434 0.305346568683 0 0.911789238453 -8 0 8 0 0.738976657391 0 0 0 0 
92 132 -0.606246268496 -1.13594761911 1.287599134602 0 0.90393447876 8 2 8.246211251235 0 0.16924405098 0 0 0 0 
100 132 -0.705513878504 -1.979163945199 2.101152006575 0 0.873221874237 8 8 11.313708498985 0 -0.244070708752 0 0 0 0 
108 132 -1.119129983731 -1.721318560157 2.053141375071 0 0.922641158104 8 -8 11.313708498985 0 0.601427018642 0 0 0 0 
116 132 -0.796031694839 0.599468043265 0.996508100361 0 0.981748521328 -0.796031694839 0.599468043265 0.996508100361 0 0.981748521328 0 0 0 0 
124 132 -1.186471727797 1.497252752756 1.910361475349 0 0.994524776936 -1.186471727797 1.497252752756 1.910361475349 0 0.994524776936 0 0 0 0 
132 132 -1.817360555488 -0.058040246323 1.818287122221 0 0.998050332069 -1.817360555488 -0.058040246323 1.818287122221 0 0.998050332069 0 0 0 0 
140 132 0 0 0 0 0 0 0 0 0 0 0 0 0 0 
148 132 0 0 0 0 0 0 0 0 0 0 0 0 0 0 
156 132 0 0 0 0 0 0 0 0 0 0 0 0 0 0 
12 140 0 0 0 0 0 0 0 0 0 0 0 0 0 0 
20 140 0 0 0 0 0 0 0 0 0 0 0 0 0 0 
28 140 0 0 0 0 0 0 0 0 0 0 0 0 0 0 
36 140 0.256251508808 1.831007546449 1.848851933206 0 0.962603390217 0.256251508808 1.831007546449 1.848851933206 0 0.962603390217 0 0 0 0 
44 140 -0.100799906945 3.710864396304 3.712233180849 0 0.99064719677 -0.100799906945 3.710864396304 3.712233180849 0 0.99064719677 0 0 0 0 
52 140 -0.010375394969 3.754562468379 3.754576804086 0 0.98699849844 -0.010375394969 3.754562468379 3.754576804086 0 0.98699849844 0 0 0 0 
60 140 -0.018650945165 3.192882421936 3.192936895409 0 0.908510684967 -8 -8 11.313708498985 0 0.364244222641 0 0 0 0 
68 140 -0.765881450501 -0.23801641532 0.802013846628 0 0.951885163784 -8 -8 11.313708498985 0 0.490249216557 0 0 0 0 
76 140 -0.131258404886 -0.17647027567 0.219933005819 0 0.967657327652 -0.131258404886 -0.17647027567 0.219933005819 0 0.967657327652 0 0 0 0 
84 140 -0.740820453302 -0.347817998918 0.818408397075 0 0.97095310688 -0.740820453302 -0.347817998918 0.818408397075 0 0.97095310688 0 0 0 0 
92 140 -1.185324500935 -1.222348326472 1.702683060275 0 0.974778056145 -1.185324500935 -1.222348326472 1.702683060275 0 0.974778056145 0 0 0 0 
100 140 -1.301087834578 -1.942510135845 2.337985282492 0 0.975176751614 -1.301087834578 -1.942510135845 2.337985282492 0 0.975176751614 0 0 0 0 
108 140 -1.161689412294 -1.631270786472 2.002639925057 0 0.959173560143 -1.161689412294 -1.631270786472 2.002639925057 0 0.959173560143 0 0 0 0 
116 140 -1.616954727309 -1.145404783377 1.981538469964 0 0.92882424593 -1.616954727309 -1.145404783377 1.981538469964 0 0.92882424593 0 0 0 0 
124 140 -1.972241065859 -1.118281457615 2.267220377534 0 0.993589282036 -1.972241065859 -1.118281457615 2.267220377534 0 0.993589282036 0 0 0 0 
132 140 2.134651835652 6.868613754833 7.192676370624 0 0.994807362556 2.134651835652 6.868613754833 7.192676370624 0 0.994807362556 0 0 0 0 
140 140 1.502288382449 5.857424550349 6.047006924675 0 1 -2.391394683186 -2.073909301335 3.165417558701 0 0.992430984974 0 0 0 0 
148 140 0 0 0 0 0 0 0 0 0 0 0 0 0 0 
156 140 0 0 0 0 0 0 0 0 0 0 0 0 0 0 
12 148 0 0 0 0 0 0 0 0 0 0 0 0 0 0 
20 148 0 0 0 0 0 0 0 0 0 0 0 0 0 0 
28 148 0 0 0 0 0 0 0 0 0 0 0 0 0 0 
36 148 0.990369273804 -0.256884809382 1.023142758263 0 0.968740642071 0.990369273804 -0.256884809382 1.023142758263 0 0.968740642071 0 0 0 0 
44 148 0.789425336536 1.023490488866 1.292565334041 0 0.988187670708 0.789425336536 1.023490488866 1.292565334041 0 0.988187670708 0 0 0 0 
52 148 0.831148315761 1.613676017151 1.815146773988 0 0.936631023884 -8 -8 11.313708498985 0 -0.265667378902 0 0 0 0 
60 148 0.80897155295 0.148191571923 0.822432803013 0 0.914620041847 -8 8 11.313708498985 0 -0.113861985505 0 0 0 0 
68 148 -0.891037219456 -0.987413359316 1.330012206189 0 0.960610449314 -0.891037219456 -0.987413359316 1.330012206189 0 0.960610449314 0 0 0 0 
76 148 0.426309675929 -0.299008745398 0.5207169765 0 0.971027493477 0.426309675929 -0.299008745398 0.5207169765 0 0.971027493477 0 0 0 0 
84 148 0.887554847684 0.144847691657 0.899296648179 0 0.959546864033 0.887554847684 0.144847691657 0.899296648179 0 0.959546864033 0 0 0 0 
92 148 0.915380511077 0.30826545178 0.965892886826 0 0.974767386913 0.915380511077 0.30826545178 0.965892886826 0 0.974767386913 0 0 0 0 
100 148 -0.06602126364 -1.920806487568 1.921940782109 0 0.921454370022 -0.06602126364 -1.920806487568 1.921940782109 0 0.921454370022 0 0 0 0 
108 148 -0.934060924656 -0.872154476829 1.277937104252 0 0.960326194763 -0.934060924656 -0.872154476829 1.277937104252 0 0.960326194763 0 0 0 0 
116 148 -1.242795822591 -0.138096579658 1.250444769657 0 0.916891694069 -1.242795822591 -0.138096579658 1.250444769657 0 0.916891694069 0 0 0 0 
124 148 0.219391042531 1.731227574819 1.745073449846 0 0.981155157089 0.219391042531 1.731227574819 1.745073449846 0 0.981155157089 0 0 0 0 
132 148 0.098950774822 2.068818819189 2.071183855303 0 0.992708086967 0.098950774822 2.068818819189 2.071183855303 0 0.992708086967 0 0 0 0 
140 148 -0.099722485445 0.193261619481 0.217473280354 0 0.998726725578 -0.099722485445 0.193261619481 0.217473280354 0 0.998726725578 0 0 0 0 
148 148 0 0 0 0 0 0 0 0 0 0 0 0 0 0 
156 148 0 0 0 0 0 0 0 0 0 0 0 0 0 0 
12 156 0 0 0 0 0 0 0 0 0 0 0 0 0 0 
20 156 0 0 0 0 0 0 0 0 0 0 0 0 0 0 
28 156 0 0 0 0 0 0 0 0 0 0 0 0 0 0 
36 156 0.195689150616 -1.596981708742 1.60892660545 0 0.986658632755 0.195689150616 -1.596981708742 1.60892660545 0 0.986658632755 0 0 0 0 
44 156 0.760797650431 0.911102782133 1.18697992591 0 0.990722894669 0.760797650431 0.911102782133 1.18697992591 0 0.990722894669 0 0 0 0 
52 156 1.025603404711 1.859367127841 2.123466142854 0 0.897740960121 1.025603404711 1.859367127841 2.123466142854 0 0.897740960121 0 0 0 0 
60 156 0.393311078748 -4.939883314418 4.955516195588 0 0.912185788155 -8 8 11.313708498985 0 0.212999299169 0 0 0 0 
68 156 -0.883169904775 -4.321603639981 4.410923610968 0 0.948247492313 -0.883169904775 -4.321603639981 4.410923610968 0 0.948247492313 0 0 0 0 
76 156 0.87364397319 0.351884492743 0.941847380484 0 0.949311733246 0.87364397319 0.351884492743 0.941847380484 0 0.949311733246 0 0 0 0 
84 156 1.364716922238 0.812464914412 1.588254234999 0 0.966432571411 -8 -7 10.630145812735 0 0.235563084483 0 0 0 0 
92 156 1.204994160325 0.813569452865 1.453927845889 0 0.98301076889 1.204994160325 0.813569452865 1.453927845889 0 0.98301076889 0 0 0 0 
100 156 0.290331962185 -1.146999585859 1.183173993217 0 0.915325403214 0.290331962185 -1.146999585859 1.183173993217 0 0.915325403214 0 0 0 0 
108 156 -0.469021241748 -0.105721010823 0.480788786621 0 0.980044543743 -0.469021241748 -0.105721010823 0.480788786621 0 0.980044543743 0 0 0 0 
116 156 -0.405526951989 0.299158195815 0.503932272149 0 0.948022663593 -0.405526951989 0.299158195815 0.503932272149 0 0.948022663593 0 0 0 0 
124 156 0.132697106761 0.056087507097 0.14406363384 0 0.983553886414 0.132697106761 0.056087507097 0.14406363384 0 0.983553886414 0 0 0 0 
132 156 -0.143373087951 0.414114212427 0.438231015884 0 0.997654616833 -0.143373087951 0.414114212427 0.438231015884 0 0.997654616833 0 0 0 0 
140 156 -0.069305494779 0.086944473984 0.111187198736 0 0.999171197414 -0.069305494779 0.086944473984 0.111187198736 0 0.999171197414 0 0 0 0 
148 156 0 0 0 0 0 0 0 0 0 0 0 0 0 0 
156 156 0 0 0 0 0 0 0 0 0 0 0 0 0 0 
12 164 0 0 0 0 0 0 0 0 0 0 0 0 0 0 
20 164 0 0 0 0 0 0 0 0 0 0 0 0 0 0 
28 164 0 0 0 0 0 0 0 0 0 0 0 0 0 0 
36 164 1.748859182719 2.798470267839 3.299991557711 0 0.989272356033 1.748859182719 2.798470267839 3.299991557711 0 0.989272356033 0 0 0 0 
44 164 1.038317480162 1.89183671064 2.158042939641 0 0.99358612299 1.038317480162 1.89183671064 2.158042939641 0 0.99358612299 0 0 0 0 
52 164 0.923624561744 1.953857640131 2.161166816549 0 0.986385762691 8 -8 11.313708498985 0 0.269609749317 0 0 0 0 
60 164 -1.595016947535 0.841068510055 1.803184766331 0 0.824803471565 -1.595016947535 0.841068510055 1.803184766331 0 0.824803471565 0 0 0 0 
68 164 1.765145661358 -0.990924202486 2.024270234155 0 0.959590613842 -8 8 11.313708498985 0 0.3448767066 0 0 0 0 
76 164 1.296641393544 -0.720533979227 1.483390750501 0 0.857559084892 1.296641393544 -0.720533979227 1.483390750501 0 0.857559084892 0 0 0 0 
84 164 1.610483502748 -0.14386361734 1.616896364341 0 0.823602795601 -8 -4 8.944271909999 0 0.152851343155 0 0 0 0 
92 164 0.951004505926 0.301084792486 0.997527755282 0 0.961458027363 0.951004505926 0.301084792486 0.997527755282 0 0.961458027363 0 0 0 0 
100 164 1.286081996337 1.85658712172 2.258522225226 0 0.930669605732 1.286081996337 1.85658712172 2.258522225226 0 0.930669605732 0 0 0 0 
108 164 0.070677483196 -0.027045467691 0.075675385388 0 0.909894704819 0.070677483196 -0.027045467691 0.075675385388 0 0.909894704819 0 0 0 0 
116 164 0.022659026353 -1.865858384311 1.865995965103 0 0.917578160763 8 8 11.313708498985 0 0.255224913359 0 0 0 0 
124 164 0.184715259059 -0.304001228485 0.35571965626 0 0.974779546261 -8 -2 8.246211251235 0 0.241639256477 0 0 0 0 
132 164 -0.039947148423 -0.414337752415 0.416258991186 0 0.999032974243 -0.039947148423 -0.414337752415 0.416258991186 0 0.999032974243 0 0 0 0 
140 164 -0.05222300294 -0.599972528382 0.60224104547 0 0.999004304409 -0.05222300294 -0.599972528382 0.60224104547 0 0.999004304409 0 0 0 0 
148 164 0 0 0 0 0 0 0 0 0 0 0 0 0 0 
156 164 0 0 0 0 0 0 0 0 0 0 0 0 0 0 
12 172 0 0 0 0 0 0 0 0 0 0 0 0 0 0 
20 172 0 0 0 0 0 0 0 0 0 0 0 0 0 0 
28 172 0 0 0 0 0 0 0 0 0 0 0 0 0 0 
36 172 0.054496911172 -0.042449122038 0.069078515394 0 0.99986410141 -2.96318741511 -6.663659924385 7.292793925851 0 0.987095594406 0 0 0 0 
44 172 -0.551514865322 -0.494360739012 0.7406491659 0 0.989544868469 6 8 10 0 0.982095837593 0 0 0 0 
52 172 0.260642111528 0.617960253923 0.670678153611 0 0.989628851414 0.260642111528 0.617960253923 0.670678153611 0 0.989628851414 0 0 0 0 
60 172 -1.202341098595 -0.722266749764 1.402602358184 0 0.984546124935 -1.202341098595 -0.722266749764 1.402602358184 0 0.984546124935 0 0 0 0 
68 172 -0.298929340966 -2.04325666042 2.065007634669 0 0.770782351494 8 1 8.062257748299 0 0.496183812618 0 0 0 0 
76 172 2.394358511215 1.521484248282 2.836876274707 0 0.855652153492 -6 -8 10 0 0.761275231838 0 0 0 0 
84 172 2.169832062584 0.587349776494 2.247921470996 0 0.9124366045 -7 -8 10.630145812735 0 0.320409744978 0 0 0 0 
92 172 1.128422264249 0.854958251971 1.41572964194 0 0.941705048084 1.128422264249 0.854958251971 1.41572964194 0 0.941705048084 0 0 0 0 
100 172 0.254171481586 0.176761745741 0.309593050324 0 0.941346406937 0.254171481586 0.176761745741 0.309593050324 0 0.941346406937 0 0 0 0 
108 172 -4.847864452077 5.07178365642 7.016037286335 0 0.662126421928 -8 -8 11.313708498985 0 0.52076292038 0 0 0 0 
116 172 4.626107685845 -6.843693240942 8.260569562515 0 0.595669388771 4 8 8.944271909999 0 0.065360806882 0 0 0 0 
124 172 -0.046416416356 -0.926827877331 0.927989438467 0 0.98122638464 -8 -8 11.313708498985 0 0.260534256697 0 0 0 0 
132 172 0.094723528091 -0.694694725838 0.701122891426 0 0.996082305908 0.094723528091 -0.694694725838 0.701122891426 0 0.996082305908 0 0 0 0 
140 172 -0.037052414003 -0.178630128372 0.182432464615 0 0.999144852161 -7 8 10.630145812735 0 0.689881980419 0 0 0 0 
148 172 0 0 0 0 0 0 0 0 0 0 0 0 0 0 
156 172 0 0 0 0 0 0 0 0 0 0 0 0 0 0 
12 180 0 0 0 0 0 0 0 0 0 0 0 0 0 0 
20 180 0 0 0 0 0 0 0 0 0 0 0 0 0 0 
28 180 0 0 0 0 0 0 0 0 0 0 0 0 0 0 
36 180 0 0 0 0 0 0 0 0 0 0 0 0 0 0 
44 180 4.104597155492 5.956398059585 7.233698615031 0 0.999499022961 4.104597155492 5.956398059585 7.233698615031 0 0.999499022961 0 0 0 0 
52 180 -0.935608311933 -1.171245770555 1.499059561325 0 0.992874383926 -0.935608311933 -1.171245770555 1.499059561325 0 0.992874383926 0 0 0 0 
60 180 -0.679608183066 -1.372979716237 1.531972775113 0 0.991637945175 -0.679608183066 -1.372979716237 1.531972775113 0 0.991637945175 0 0 0 0 
68 180 1.15383620354 -0.057528814961 1.155269470362 0 0.98550850153 8 -8 11.313708498985 0 0.195150107145 0 0 0 0 
76 180 2.631394988442 1.318866230056 2.943407501177 0 0.843826770782 -8 8 11.313708498985 0 0.579015016556 0 0 0 0 
84 180 0.78160035193 1.985141069627 2.133467641296 0 0.961887717247 -5 -8 9.433981132057 0 0.495074003935 0 0 0 0 
92 180 0.566821310535 1.552897166078 1.65311100852 0 0.911763370037 -8 -8 11.313708498985 0 -0.21796604991 0 0 0 0 
100 180 -1.397530584272 1.073015932603 1.761946345833 0 0.894533038139 -8 -8 11.313708498985 0 0.188801661134 0 0 0 0 
108 180 -5.025635407112 4.274479156615 6.597589204062 0 0.797442495823 0.887321317647 0.59045849623 1.065823792435 0 0.795968830585 0 0 0 0 
116 180 1.744350484891 -1.227261675857 2.132822035512 0 0.974325478077 1.744350484891 -1.227261675857 2.132822035512 0 0.974325478077 0 0 0 0 
124 180 -5.939169287024 6.015689395926 8.453534806706 0 0.987535595894 -5.939169287024 6.015689395926 8.453534806706 0 0.987535595894 0 0 0 0 
132 180 -4.247473618758 4.781948545834 6.395941215884 0 0.99393171072 -4.247473618758 4.781948545834 6.395941215884 0 0.99393171072 0 0 0 0 
140 180 -0.021979559307 -0.184170392998 0.185477315821 0 0.998798787594 -6 8 10 0 0.997466683388 0 0 0 0 
148 180 0 0 0 0 0 0 0 0 0 0 0 0 0 0 
156 180 0 0 0 0 0 0 0 0 0 0 0 0 0 0 
12 188 0 0 0 0 0 0 0 0 0 0 0 0 0 0 
20 188 0 0 0 0 0 0 0 0 0 0 0 0 0 0 
28 188 0 0 0 0 0 0 0 0 0 0 0 0 0 0 
36 188 0 0 0 0 0 0 0 0 0 0 0 0 0 0 
44 188 0 0 0 0 0 0 0 0 0 0 0 0 0 0 
52 188 -6 -8 10 0 0.9991735816 8 7 10.630145812735 0 0.961552321911 0 0 0 0 
60 188 0.805619961691 0.157748758922 0.820919115149 0 0.995880365372 0.805619961691 0.157748758922 0.820919115149 0 0.995880365372 0 0 0 0 
68 188 6.584060096076 4.18337919499 7.800673614363 0 0.992573797703 6.584060096076 4.18337919499 7.800673614363 0 0.992573797703 0 0 0 0 
76 188 5.065580242916 2.813164287679 5.794307249956 0 0.966945946217 -1.658382249312 0.021593115658 1.65852282091 0 0.965966105461 0 0 0 0 
84 188 0.785499021528 1.399606549592 1.604963303781 0 0.973772883415 0.785499021528 1.399606549592 1.604963303781 0 0.973772883415 0 0 0 0 
92 188 2.825334746374 0.643956483549 2.897791638779 0 0.951022207737 2.825334746374 0.643956483549 2.897791638779 0 0.951022207737 0 0 0 0 
100 188 1.264300202443 0.170367855014 1.275727325066 0 0.929542958736 -8 -8 11.313708498985 0 0.457875609398 0 0 0 0 
108 188 2.949867192455 -1.033280518083 3.125601555248 0 0.995295107365 -8 -8 11.313708498985 0 0.340351551771 0 0 0 0 
116 188 3.652743335921 -2.225989676151 4.277565185529 0 0.99288892746 3.652743335921 -2.225989676151 4.277565185529 0 0.99288892746 0 0 0 0 
124 188 -6.193771652209 5.855310409445 8.523348360279 0 0.999380230904 -6.193771652209 5.855310409445 8.523348360279 0 0.999380230904 0 0 0 0 
132 188 -8 8 11.313708498985 0 0.999903738499 6.437295668411 -6.839081226085 9.392114114486 0 0.993647456169 0 0 0 0 
140 188 0 0 0 0 0 0 0 0 0 0 0 0 0 0 
148 188 0 0 0 0 0 0 0 0 0 0 0 0 0 0 
156 188 0 0 0 0 0 0 0 0 0 0 0 0 0 0 
12 196 0 0 0 0 0 0 0 0 0 0 0 0 0 0 
20 196 0 0 0 0 0 0 0 0 0 0 0 0 0 0 
28 196 0 0 0 0 0 0 0 0 0 0 0 0 0 0 
36 196 0 0 0 0 0 0 0 0 0 0 0 0 0 0 
44 196 0 0 0 0 0 0 0 0 0 0 0 0 0 0 
52 196 0 0 0 0 0 0 0 0 0 0 0 0 0 0 
60 196 -4.051370993776 -3.931044570779 5.645061412125 0 0.999729096889 7.161642433137 3.81829003846 8.115938710828 0 0.995068490505 0 0 0 0 
68 196 7.149231319729 3.843045866163 8.116680971458 0 0.994036495686 7.149231319729 3.843045866163 8.116680971458 0 0.994036495686 0 0 0 0 
76 196 -2.099946836213 0.018580341037 2.100029034084 0 0.979082643986 8 -8 11.313708498985 0 0.572464704514 0 0 0 0 
84 196 0.327627586324 0.888392871613 0.946879997494 0 0.990350186825 5 -8 9.433981132057 0 0.690493583679 0 0 0 0 
92 196 2.829800935605 0.671821236521 2.908456138399 0 0.987981021404 -2 -8 8.246211251235 0 0.695501029491 0 0 0 0 
100 196 1.003901839724 -0.034257402155 1.004486173824 0 0.986194968224 -8 -8 11.313708498985 0 0.659186244011 0 0 0 0 
108 196 2.983319287038 -1.050439710471 3.162849593919 0 0.998124659061 2.983319287038 -1.050439710471 3.162849593919 0 0.998124659061 0 0 0 0 
116 196 4.072876806173 -1.899316496694 4.493965802371 0 0.998989701271 4.072876806173 -1.899316496694 4.493965802371 0 0.998989701271 0 0 0 0 
124 196 5.982879895097 -4.007029026833 7.200773115509 0 0.999753654003 5.982879895097 -4.007029026833 7.200773115509 0 0.999753654003 0 0 0 0 
132 196 0 0 0 0 0 0 0 0 0 0 0 0 0 0 
140 196 0 0 0 0 0 0 0 0 0 0 0 0 0 0 
148 196 0 0 0 0 0 0 0 0 0 0 0 0 0 0 
156 196 0 0 0 0 0 0 0 0 0 0 0 0 0 0 
12 204 0 0 0 0 0 0 0 0 0 0 0 0 0 0 
20 204 0 0 0 0 0 0 0 0 0 0 0 0 0 0 
28 204 0 0 0 0 0 0 0 0 0 0 0 0 0 0 
36 204 0 0 0 0 0 0 0 0 0 0 0 0 0 0 
44 204 0 0 0 0 0 0 0 0 0 0 0 0 0 0 
52 204 0 0 0 0 0 0 0 0 0 0 0 0 0 0 
60 204 0 0 0 0 0 0 0 0 0 0 0 0 0 0 
68 204 6.21395436776 2.004381854878 6.529224724633 0 1 -1.78604563224 -0.024712510781 1.786216590628 0 1 0 0 0 0 
76 204 5.866873044887 2.100154321068 6.231440242602 0 0.985394179821 -3.082967909363 -0.779844111092 3.180070434403 0 0.958745598793 0 0 0 0 
84 204 -2.485140947751 0.103305547563 2.487287190162 0 0.934929013252 -2.485140947751 0.103305547563 2.487287190162 0 0.934929013252 0 0 0 0 
92 204 3.120283781328 0.198063374968 3.126563605066 0 0.893545269966 -3.827688861836 -0.050274481076 3.828019010725 0 0.806545257568 0 0 0 0 
100 204 1.337782233607 -0.440543374343 1.408452970188 0 0.863574326038 -8 0 8 0 0.815202772617 0 0 0 0 
108 204 0.120017657614 0.005220480224 0.120131143144 0 0.999781012535 5.786801094114 -2.062258193141 6.143287048317 0 0.997518956661 0 0 0 0 
116 204 -5.934848761915 1.95763923477 6.249382465517 0 1 0.041630250687 0.122361927371 0.129249831885 0 0.996557295322 0 0 0 0 
124 204 0 0 0 0 0 0 0 0 0 0 0 0 0 0 
132 204 0 0 0 0 0 0 0 0 0 0 0 0 0 0 
140 204 0 0 0 0 0 0 0 0 0 0 0 0 0 0 
148 204 0 0 0 0 0 0 0 0 0 0 0 0 0 0 
156 204 0 0 0 0 0 0 0 0 0 0 0 0 0 0 
12 212 0 0 0 0 0 0 0 0 0 0 0 0 0 0 
20 212 0 0 0 0 0 0 0 0 0 0 0 0 0 0 
28 212 0 0 0 0 0 0 0 0 0 0 0 0 0 0 
36 212 0 0 0 0 0 0 0 0 0 0 0 0 0 0 
44 212 0 0 0 0 0 0 0 0 0 0 0 0 0 0 
52 212 0 0 0 0 0 0 0 0 0 0 0 0 0 0 
60 212 0 0 0 0 0 0 0 0 0 0 0 0 0 0 
68 212 0 0 0 0 0 0 0 0 0 0 0 0 0 0 
76 212 0 0 0 0 0 0 0 0 0 0 0 0 0 0 
84 212 0 0 0 0 0 0 0 0 0 0 0 0 0 0 
92 212 0 0 0 0 0 0 0 0 0 0 0 0 0 0 
100 212 0 0 0 0 0 0 0 0 0 0 0 0 0 0 
108 212 0 0 0 0 0 0 0 0 0 0 0 0 0 0 
116 212 0 0 0 0 0 0 0 0 0 0 0 0 0 0 
124 212 0 0 0 0 0 0 0 0 0 0 0 0 0 0 
132 212 0 0 0 0 0 0 0 0 0 0 0 0 0 0 
140 212 0 0 0 0 0 0 0 0 0 0 0 0 0 0 
148 212 0 0 0 0 0 0 0 0 0 0 0 0 0 0 
156 212 0 0 0 0 0 0 0 0 0 0 0 0 0 0 
12 220 0 0 0 0 0 0 0 0 0 0 0 0 0 0 
20 220 0 0 0 0 0 0 0 0 0 0 0 0 0 0 
28 220 0 0 0 0 0 0 0 0 0 0 0 0 0 0 
36 220 0 0 0 0 0 0 0 0 0 0 0 0 0 0 
44 220 0 0 0 0 0 0 0 0 0 0 0 0 0 0 
52 220 0 0 0 0 0 0 0 0 0 0 0 0 0 0 
60 220 0 0 0 0 0 0 0 0 0 0 0 0 0 0 
68 220 0 0 0 0 0 0 0 0 0 0 0 0 0 0 
76 220 0 0 0 0 0 0 0 0 0 0 0 0 0 0 
84 220 0 0 0 0 0 0 0 0 0 0 0 0 0 0 
92 220 0 0 0 0 0 0 0 0 0 0 0 0 0 0 
100 220 0 0 0 0 0 0 0 0 0 0 0 0 0 0 
108 220 0 0 0 0 0 0 0 0 0 0 0 0 0 0 
116 220 0 0 0 0 0 0 0 0 0 0 0 0 0 0 
124 220 0 0 0 0 0 0 0 0 0 0 0 0 0 0 
132 220 0 0 0 0 0 0 0 0 0 0 0 0 0 0 
140 220 0 0 0 0 0 0 0 0 0 0 0 0 0 0 
148 220 0 0 0 0 0 0 0 0 0 0 0 0 0 0 
156 220 0 0 0 0 0 0 0 0 0 0 0 0 0 0 
12 228 0 0 0 0 0 0 0 0 0 0 0 0 0 0 
20 228 0 0 0 0 0 0 0 0 0 0 0 0 0 0 
28 228 0 0 0 0 0 0 0 0 0 0 0 0 0 0 
36 228 0 0 0 0 0 0 0 0 0 0 0 0 0 0 
44 228 0 0 0 0 0 0 0 0 0 0 0 0 0 0 
52 228 0 0 0 0 0 0 0 0 0 0 0 0 0 0 
60 228 0 0 0 0 0 0 0 0 0 0 0 0 0 0 
68 228 0 0 0 0 0 0 0 0 0 0 0 0 0 0 
76 228 0 0 0 0 0 0 0 0 0 0 0 0 0 0 
84 228 0 0 0 0 0 0 0 0 0 0 0 0 0 0 
92 228 0 0 0 0 0 0 0 0 0 0 0 0 0 0 
100 228 0 0 0 0 0 0 0 0 0 0 0 0 0 0 
108 228 0 0 0 0 0 0 0 0 0 0 0 0 0 0 
116 228 0 0 0 0 0 0 0 0 0 0 0 0 0 0 
124 228 0 0 0 0 0 0 0 0 0 0 0 0 0 0 
132 228 0 0 0 0 0 0 0 0 0 0 0 0 0 0 
140 228 0 0 0 0 0 0 0 0 0 0 0 0 0 0 
148 228 0 0 0 0 0 0 0 0 0 0 0 0 0 0 
156 228 0 0 0 0 0 0 0 0 0 0 0 0 0 0 
