12 12 0 0 0 0 0 0 0 0 0 0 0 0 0 0 
20 12 0 0 0 0 0 0 0 0 0 0 0 0 0 0 
28 12 0 0 0 0 0 0 0 0 0 0 0 0 0 0 
36 12 0 0 0 0 0 0 0 0 0 0 0 0 0 0 
44 12 0 0 0 0 0 0 0 0 0 0 0 0 0 0 
52 12 0 0 0 0 0 0 0 0 0 0 0 0 0 0 
60 12 0 0 0 0 0 0 0 0 0 0 0 0 0 0 
68 12 0 0 0 0 0 0 0 0 0 0 0 0 0 0 
76 12 0 0 0 0 0 0 0 0 0 0 0 0 0 0 
84 12 0 0 0 0 0 0 0 0 0 0 0 0 0 0 
92 12 0 0 0 0 0 0 0 0 0 0 0 0 0 0 
100 12 0 0 0 0 0 0 0 0 0 0 0 0 0 0 
108 12 0 0 0 0 0 0 0 0 0 0 0 0 0 0 
116 12 0 0 0 0 0 0 0 0 0 0 0 0 0 0 
124 12 0 0 0 0 0 0 0 0 0 0 0 0 0 0 
132 12 0 0 0 0 0 0 0 0 0 0 0 0 0 0 
140 12 0 0 0 0 0 0 0 0 0 0 0 0 0 0 
148 12 0 0 0 0 0 0 0 0 0 0 0 0 0 0 
156 12 0 0 0 0 0 0 0 0 0 0 0 0 0 0 
12 20 0 0 0 0 0 0 0 0 0 0 0 0 0 0 
20 20 0 0 0 0 0 0 0 0 0 0 0 0 0 0 
28 20 0 0 0 0 0 0 0 0 0 0 0 0 0 0 
36 20 0 0 0 0 0 0 0 0 0 0 0 0 0 0 
44 20 0 0 0 0 0 0 0 0 0 0 0 0 0 0 
52 20 0 0 0 0 0 0 0 0 0 0 0 0 0 0 
60 20 0 0 0 0 0 0 0 0 0 0 0 0 0 0 
68 20 0 0 0 0 0 0 0 0 0 0 0 0 0 0 
76 20 0 0 0 0 0 0 0 0 0 0 0 0 0 0 
84 20 0 0 0 0 0 0 0 0 0 0 0 0 0 0 
92 20 0 0 0 0 0 0 0 0 0 0 0 0 0 0 
100 20 0 0 0 0 0 0 0 0 0 0 0 0 0 0 
108 20 0 0 0 0 0 0 0 0 0 0 0 0 0 0 
116 20 0 0 0 0 0 0 0 0 0 0 0 0 0 0 
124 20 0 0 0 0 0 0 0 0 0 0 0 0 0 0 
132 20 0 0 0 0 0 0 0 0 0 0 0 0 0 0 
140 20 0 0 0 0 0 0 0 0 0 0 0 0 0 0 
148 20 0 0 0 0 0 0 0 0 0 0 0 0 0 0 
156 20 0 0 0 0 0 0 0 0 0 0 0 0 0 0 
12 28 0 0 0 0 0 0 0 0 0 0 0 0 0 0 
20 28 0 0 0 0 0 0 0 0 0 0 0 0 0 0 
28 28 0 0 0 0 0 0 0 0 0 0 0 0 0 0 
36 28 0 0 0 0 0 0 0 0 0 0 0 0 0 0 
44 28 0 0 0 0 0 0 0 0 0 0 0 0 0 0 
52 28 0 0 0 0 0 0 0 0 0 0 0 0 0 0 
60 28 0 0 0 0 0 0 0 0 0 0 0 0 0 0 
68 28 0 0 0 0 0 0 0 0 0 0 0 0 0 0 
76 28 -0.306562010194 2.460853920491 2.479875457375 0 0.994702756405 7.029385030647 -1.826144190106 7.262716882279 0 0.977463841438 0 0 0 0 
84 28 -2.623533804402 2.009074262659 3.30443777604 0 0.98413169384 5.151614186053 -1.133913883838 5.274930276118 0 0.980075716972 0 0 0 0 
92 28 -4.980079385854 2.798652108886 5.712586482145 0 0.990702629089 -4.980079385854 2.798652108886 5.712586482145 0 0.990702629089 0 0 0 0 
100 28 1.477664013794 1.01345908522 1.791812003274 0 0.992946684361 1.477664013794 1.01345908522 1.791812003274 0 0.992946684361 0 0 0 0 
108 28 1.193862176314 0.836706267847 1.457869772884 0 0.994433999062 1.193862176314 0.836706267847 1.457869772884 0 0.994433999062 0 0 0 0 
116 28 1.411764216228 0.722584489925 1.5859402723 0 0.995241582394 1.411764216228 0.722584489925 1.5859402723 0 0.995241582394 0 0 0 0 
124 28 0.206810359864 -0.062900588774 0.216164310225 0 0.99864834547 8 8 11.313708498985 0 0.964104652405 0 0 0 0 
132 28 0 0 0 0 0 0 0 0 0 0 0 0 0 0 
140 28 0 0 0 0 0 0 0 0 0 0 0 0 0 0 
148 28 0 0 0 0 0 0 0 0 0 0 0 0 0 0 
156 28 0 0 0 0 0 0 0 0 0 0 0 0 0 0 
12 36 0 0 0 0 0 0 0 0 0 0 0 0 0 0 
20 36 0 0 0 0 0 0 0 0 0 0 0 0 0 0 
28 36 0 0 0 0 0 0 0 0 0 0 0 0 0 0 
36 36 0 0 0 0 0 0 0 0 0 0 0 0 0 0 
44 36 0 0 0 0 0 0 0 0 0 0 0 0 0 0 
52 36 0 0 0 0 0 0 0 0 0 0 0 0 0 0 
60 36 0 0 0 0 0 0 0 0 0 0 0 0 0 0 
68 36 -0.535343975728 2.465940080238 2.523381392432 0 0.99270349741 -0.535343975728 2.465940080238 2.523381392432 0 0.99270349741 0 0 0 0 
76 36 -0.784037075762 2.258481245732 2.390701084095 0 0.997422337532 -0.784037075762 2.258481245732 2.390701084095 0 0.997422337532 0 0 0 0 
84 36 -1.387271739947 1.778157611725 2.25529762395 0 0.989950537682 -1.387271739947 1.778157611725 2.25529762395 0 0.989950537682 0 0 0 0 
92 36 -2.756700866682 2.076197627184 3.451086242836 0 0.991526961327 -2.756700866682 2.076197627184 3.451086242836 0 0.991526961327 0 0 0 0 
100 36 1.23212439182 1.122433976394 1.666729896618 0 0.994231820107 1.23212439182 1.122433976394 1.666729896618 0 0.994231820107 0 0 0 0 
108 36 1.082972805385 0.711112255906 1.295573516904 0 0.99405258894 1.082972805385 0.711112255906 1.295573516904 0 0.99405258894 0 0 0 0 
116 36 1.23813973921 0.592010406862 1.372394380506 0 0.993024945259 1.23813973921 0.592010406862 1.372394380506 0 0.993024945259 0 0 0 0 
124 36 1.36257377836 0.50125538507 1.451848567357 0 0.992245554924 1.36257377836 0.50125538507 1.451848567357 0 0.992245554924 0 0 0 0 
132 36 0.229655533679 -0.176937491022 0.289911262076 0 0.9985486269 6.883951544089 5.05734045097 8.541983452243 0 0.998407363892 0 0 0 0 
140 36 0 0 0 0 0 0 0 0 0 0 0 0 0 0 
148 36 0 0 0 0 0 0 0 0 0 0 0 0 0 0 
156 36 0 0 0 0 0 0 0 0 0 0 0 0 0 0 
12 44 0 0 0 0 0 0 0 0 0 0 0 0 0 0 
20 44 0 0 0 0 0 0 0 0 0 0 0 0 0 0 
28 44 0 0 0 0 0 0 0 0 0 0 0 0 0 0 
36 44 0 0 0 0 0 0 0 0 0 0 0 0 0 0 
44 44 0 0 0 0 0 0 0 0 0 0 0 0 0 0 
52 44 0 0 0 0 0 0 0 0 0 0 0 0 0 0 
60 44 3.849449463021 -6.097930355001 7.21131165481 0 0.986963510513 -2.486520169125 3.780119041575 4.524608548807 0 0.982575297356 0 0 0 0 
68 44 -2.060865050563 3.02348096587 3.659043851557 0 0.993094444275 -2.060865050563 3.02348096587 3.659043851557 0 0.993094444275 0 0 0 0 
76 44 -2.206623297271 2.839160480858 3.595833507287 0 0.994959354401 8 7 10.630145812735 0 0.69343662262 0 0 0 0 
84 44 -1.319347652387 1.771093583423 2.208495123178 0 0.984323978424 -1.319347652387 1.771093583423 2.208495123178 0 0.984323978424 0 0 0 0 
92 44 -1.964866630082 1.102076595832 2.252836811021 0 0.954785168171 -1.964866630082 1.102076595832 2.252836811021 0 0.954785168171 0 0 0 0 
100 44 0.729085427534 1.366449764976 1.548790018319 0 0.933801054955 0.729085427534 1.366449764976 1.548790018319 0 0.933801054955 0 0 0 0 
108 44 -1.40784034336 2.039129070444 2.477914808528 0 0.84606897831 8 -3 8.544003745318 0 0.132137387991 0 0 0 0 
116 44 2.008901392948 2.170917328105 2.957797635413 0 0.977060198784 -8 8 11.313708498985 0 0.17982673645 0 0 0 0 
124 44 0.411352182256 -0.289192634471 0.502834960677 0 0.991866707802 -7 8 10.630145812735 0 0.433320224285 0 0 0 0 
132 44 -0.112692635484 0.096747784657 0.148525297267 0 0.998051226139 -0.112692635484 0.096747784657 0.148525297267 0 0.998051226139 0 0 0 0 
140 44 0.005808838942 0.049727271582 0.050065398718 0 0.9995880723 0.005808838942 0.049727271582 0.050065398718 0 0.9995880723 0 0 0 0 
148 44 0 0 0 0 0 0 0 0 0 0 0 0 0 0 
156 44 0 0 0 0 0 0 0 0 0 0 0 0 0 0 
12 52 0 0 0 0 0 0 0 0 0 0 0 0 0 0 
20 52 0 0 0 0 0 0 0 0 0 0 0 0 0 0 
28 52 0 0 0 0 0 0 0 0 0 0 0 0 0 0 
36 52 0 0 0 0 0 0 0 0 0 0 0 0 0 0 
44 52 0 0 0 0 0 0 0 0 0 0 0 0 0 0 
52 52 -2.836494694917 5.163505305083 5.891306238001 0 0.999022960663 4.744849150568 -5.216778285301 7.051834452087 0 0.999022960663 0 0 0 0 
60 52 -1.900675482528 3.039981493146 3.585255188763 0 0.996222436428 6 -8 10 0 0.993814527988 0 0 0 0 
68 52 -2.125130347973 2.858156216721 3.561633888408 0 0.995197057724 -2.125130347973 2.858156216721 3.561633888408 0 0.995197057724 0 0 0 0 
76 52 -2.281592404947 2.704368771395 3.538258661264 0 0.989224553108 -2.281592404947 2.704368771395 3.538258661264 0 0.989224553108 0 0 0 0 
84 52 0.047588630961 2.030225079049 2.030782743032 0 0.91014778614 8 -6 10 0 0.544787526131 0 0 0 0 
92 52 -0.444950203126 1.661734802568 1.720274175046 0 0.795563697815 5 -8 9.433981132057 0 0.409261137247 0 0 0 0 
100 52 0.492847394932 0.136489745549 0.511398088901 0 0.879471123219 0.492847394932 0.136489745549 0.511398088901 0 0.879471123219 0 0 0 0 
108 52 0.371845744234 0.30165759776 0.478817881654 0 0.822796344757 8 -8 11.313708498985 0 0.219981387258 0 0 0 0 
116 52 0.5 2.134069059962 2.191860112481 0 0.832764804363 -3 -8 8.544003745318 0 0.163030162454 0 0 0 0 
124 52 -1.024643755099 -0.99226275681 1.426352061525 0 0.986528754234 -8 7 10.630145812735 0 0.4886675179 0 0 0 0 
132 52 0.003962894056 -0.035001527887 0.035225154134 0 0.997625172138 -8 8 11.313708498985 0 0.493407219648 0 0 0 0 
140 52 0.052540054072 0.041838312924 0.067163246721 0 0.99965018034 0.052540054072 0.041838312924 0.067163246721 0 0.99965018034 0 0 0 0 
148 52 0 0 0 0 0 0 0 0 0 0 0 0 0 0 
156 52 0 0 0 0 0 0 0 0 0 0 0 0 0 0 
12 60 0 0 0 0 0 0 0 0 0 0 0 0 0 0 
20 60 0 0 0 0 0 0 0 0 0 0 0 0 0 0 
28 60 0 0 0 0 0 0 0 0 0 0 0 0 0 0 
36 60 0 0 0 0 0 0 0 0 0 0 0 0 0 0 
44 60 0 0 0 0 0 0 0 0 0 0 0 0 0 0 
52 60 -2.237728065888 3.708317616433 4.331171486008 0 0.92039847374 2.492403222225 -4.093885970194 4.792908945422 0 0.914714872837 0 0 0 0 
60 60 -2.709310062249 3.857889369097 4.714198913665 0 0.985872030258 6 -8 10 0 0.948885798454 0 0 0 0 
68 60 -2.040716030612 2.950102219783 3.587147198648 0 0.986049413681 6 -8 10 0 0.966420352459 0 0 0 0 
76 60 -2.067773802396 1.976532383858 2.8604840084 0 0.918747127056 8 8 11.313708498985 0 -0.024144506082 0 0 0 0 
84 60 0.21421478759 0.480598648483 0.526177760976 0 0.894061923027 8 8 11.313708498985 0 0.078163065016 0 0 0 0 
92 60 -0.167673119822 0.259418251143 0.308888497903 0 0.881168782711 6 -8 10 0 0.425129830837 0 0 0 0 
100 60 1.104450851771 -1.127089153884 1.578018265034 0 0.926077902317 1.104450851771 -1.127089153884 1.578018265034 0 0.926077902317 0 0 0 0 
108 60 1.18874418752 -0.676060712084 1.367541893248 0 0.895202517509 -8 8 11.313708498985 0 0.462126076221 0 0 0 0 
116 60 0.662280198969 0.42726576226 0.788144081717 0 0.860290825367 0.662280198969 0.42726576226 0.788144081717 0 0.860290825367 0 0 0 0 
124 60 1.348402607753 1.233199245649 1.827284863415 0 0.730085909367 8 -8 11.313708498985 0 0.597363233566 0 0 0 0 
132 60 0.261321308052 -0.375647071849 0.457601954356 0 0.984297513962 0.261321308052 -0.375647071849 0.457601954356 0 0.984297513962 0 0 0 0 
140 60 0.125297512382 -0.502120069484 0.51751717922 0 0.988478302956 0.125297512382 -0.502120069484 0.51751717922 0 0.988478302956 0 0 0 0 
148 60 -0.49302322852 -3.331438409884 3.367722343471 0 0.990879714489 -0.49302322852 -3.331438409884 3.367722343471 0 0.990879714489 0 0 0 0 
156 60 0 0 0 0 0 0 0 0 0 0 0 0 0 0 
12 68 0 0 0 0 0 0 0 0 0 0 0 0 0 0 
20 68 0 0 0 0 0 0 0 0 0 0 0 0 0 0 
28 68 0 0 0 0 0 0 0 0 0 0 0 0 0 0 
36 68 0 0 0 0 0 0 0 0 0 0 0 0 0 0 
44 68 -3.94902062411 3.90446746598 5.553344045037 0 0.998171627522 4.391600650158 -6.739823559621 8.044338250303 0 0.994206607342 0 0 0 0 
52 68 -3.968814351832 1.230268591942 4.15512312304 0 0.941668152809 1.7678423265 -7.427064107751 7.63456270863 0 0.925527155399 0 0 0 0 
60 68 1.077248567608 -3.704473505049 3.857925404414 0 0.90364664793 1.077248567608 -3.704473505049 3.857925404414 0 0.90364664793 0 0 0 0 
68 68 -2.413785880584 3.785176262389 4.489311931094 0 0.892353653908 6 -8 10 0 0.623686075211 0 0 0 0 
76 68 0.260577514804 1.09738230641 1.127895636858 0 0.897890627384 -8 -8 11.313708498985 0 0.060452539474 0 0 0 0 
84 68 -0.207900677558 0.073500258023 0.220510724589 0 0.897632658482 -8 -8 11.313708498985 0 -0.007101851515 0 0 0 0 
92 68 -0.792939708972 0.262723724296 0.835330555751 0 0.746856093407 8 -8 11.313708498985 0 0.104802429676 0 0 0 0 
100 68 1.618896940548 -1.629928594269 2.297279810239 0 0.795233011246 -8 8 11.313708498985 0 0.111252173781 0 0 0 0 
108 68 1.574156669087 -1.229119133468 1.997173768877 0 0.907630264759 -8 8 11.313708498985 0 0.263942033052 0 0 0 0 
116 68 1.18960320725 -0.034749026992 1.19011061905 0 0.726538479328 -8 8 11.313708498985 0 0.456256747246 0 0 0 0 
124 68 8 8 11.313708498985 0 0.573406755924 0.583886439969 -0.32770382989 0.66956192761 0 0.564297318459 0 0 0 0 
132 68 0.232413918671 -2.606486272783 2.616827644266 0 0.993171036243 0.232413918671 -2.606486272783 2.616827644266 0 0.993171036243 0 0 0 0 
140 68 0.202457596356 -2.760707540125 2.768121240196 0 0.995761096478 0.202457596356 -2.760707540125 2.768121240196 0 0.995761096478 0 0 0 0 
148 68 -0.492921271324 -2.912165109121 2.953587141512 0 0.983650624752 -0.492921271324 -2.912165109121 2.953587141512 0 0.983650624752 0 0 0 0 
156 68 0 0 0 0 0 0 0 0 0 0 0 0 0 0 
12 76 0 0 0 0 0 0 0 0 0 0 0 0 0 0 
20 76 0 0 0 0 0 0 0 0 0 0 0 0 0 0 
28 76 0 0 0 0 0 0 0 0 0 0 0 0 0 0 
36 76 0 0 0 0 0 0 0 0 0 0 0 0 0 0 
44 76 0.096559609589 -2.729697866546 2.731405169657 0 0.991182982922 0.096559609589 -2.729697866546 2.731405169657 0 0.991182982922 0 0 0 0 
52 76 -2.440594007204 -0.205803314159 2.44925582823 0 0.976063132286 -2.440594007204 -0.205803314159 2.44925582823 0 0.976063132286 0 0 0 0 
60 76 3.655873963364 3.027055417072 4.74641748417 0 0.901733696461 -3.745190931943 0.197101341088 3.750373855413 0 0.892226219177 0 0 0 0 
68 76 -0.174771679726 4.08600548991 4.089741557068 0 0.936488687992 -6.891061670765 -3.512191655887 7.734482605706 0 0.71993714571 0 0 0 0 
76 76 -0.13955079413 -0.543876791101 0.561494780065 0 0.967279553413 -0.13955079413 -0.543876791101 0.561494780065 0 0.967279553413 0 0 0 0 
84 76 0.303586947488 -0.50124866503 0.58601643226 0 0.982267737389 0.303586947488 -0.50124866503 0.58601643226 0 0.982267737389 0 0 0 0 
92 76 -0.419970155747 -0.390142158873 0.573224071239 0 0.908640623093 -0.419970155747 -0.390142158873 0.573224071239 0 0.908640623093 0 0 0 0 
100 76 2.144190366602 -1.105890700195 2.412580893774 0 0.888433277607 2.144190366602 -1.105890700195 2.412580893774 0 0.888433277607 0 0 0 0 
108 76 0.130821827929 -0.711214284331 0.723145980352 0 0.838576555252 8 -8 11.313708498985 0 0.29115819931 0 0 0 0 
116 76 -0.466648124545 -0.756304462344 0.888682683472 0 0.621296465397 -8 0 8 0 0.589741051197 0 0 0 0 
124 76 -0.225056558802 -2.659689557042 2.669194446739 0 0.637841165066 8 8 11.313708498985 0 -0.162083342671 0 0 0 0 
132 76 -0.07476660304 -2.307844150233 2.309054929337 0 0.998125970364 -0.07476660304 -2.307844150233 2.309054929337 0 0.998125970364 0 0 0 0 
140 76 -0.084150211312 -2.259629297494 2.261195661626 0 0.998527288437 -0.084150211312 -2.259629297494 2.261195661626 0 0.998527288437 0 0 0 0 
148 76 -2.497794474082 5.78604563224 6.302166396813 0 1 -0.498062275283 -2.21395436776 2.269286225354 0 1 0 0 0 0 
156 76 0 0 0 0 0 0 0 0 0 0 0 0 0 0 
12 84 0 0 0 0 0 0 0 0 0 0 0 0 0 0 
20 84 0 0 0 0 0 0 0 0 0 0 0 0 0 0 
28 84 0 0 0 0 0 0 0 0 0 0 0 0 0 0 
36 84 0 0 0 0 0 0 0 0 0 0 0 0 0 0 
44 84 -1.000675780452 -1.675509725695 1.951585216812 0 0.991912722588 -1.000675780452 -1.675509725695 1.951585216812 0 0.991912722588 0 0 0 0 
52 84 -1.243639632053 -0.930103528443 1.552975243858 0 0.982260704041 -1.243639632053 -0.930103528443 1.552975243858 0 0.982260704041 0 0 0 0 
60 84 -3.193889047239 -1.054168529631 3.363361196026 0 0.769832134247 5.411531748952 -1.909355284739 5.738494007427 0 0.679771840572 0 0 0 0 
68 84 -0.846257944472 0.980113479954 1.294903448976 0 0.904700040817 -0.846257944472 0.980113479954 1.294903448976 0 0.904700040817 0 0 0 0 
76 84 -0.822573285485 0.233205077283 0.85499205731 0 0.943243861198 -0.822573285485 0.233205077283 0.85499205731 0 0.943243861198 0 0 0 0 
84 84 -0.138162628139 -0.362879773831 0.388291954681 0 0.980766236782 -0.138162628139 -0.362879773831 0.388291954681 0 0.980766236782 0 0 0 0 
92 84 -0.112133015223 -1.797874236482 1.801367697975 0 0.919991731644 -0.112133015223 -1.797874236482 1.801367697975 0 0.919991731644 0 0 0 0 
100 84 -0.941661766268 -0.901534338037 1.303645290987 0 0.933036506176 -0.941661766268 -0.901534338037 1.303645290987 0 0.933036506176 0 0 0 0 
108 84 -0.469186292572 -0.11297593873 0.482596456545 0 0.806442320347 8 1 8.062257748299 0 0.69981366396 0 0 0 0 
116 84 0.232211168808 0.597533009262 0.641067643916 0 0.817038834095 -8 5 9.433981132057 0 0.744682252407 0 0 0 0 
124 84 -0.868727877932 -0.00682573448 0.868754692965 0 0.975436449051 -8 -8 11.313708498985 0 -0.385682284832 0 0 0 0 
132 84 -0.184490575659 -2.362042229253 2.369236219814 0 0.998534560204 -0.184490575659 -2.362042229253 2.369236219814 0 0.998534560204 0 0 0 0 
140 84 -0.152480875249 -2.237437042491 2.242626793835 0 0.999017119408 -0.152480875249 -2.237437042491 2.242626793835 0 0.999017119408 0 0 0 0 
148 84 0 0 0 0 0 0 0 0 0 0 0 0 0 0 
156 84 0 0 0 0 0 0 0 0 0 0 0 0 0 0 
12 92 0 0 0 0 0 0 0 0 0 0 0 0 0 0 
20 92 0 0 0 0 0 0 0 0 0 0 0 0 0 0 
28 92 0 0 0 0 0 0 0 0 0 0 0 0 0 0 
36 92 0 0 0 0 0 0 0 0 0 0 0 0 0 0 
44 92 -0.851164217009 0.183406025747 0.870699887789 0 0.989699602127 -0.851164217009 0.183406025747 0.870699887789 0 0.989699602127 0 0 0 0 
52 92 -0.222860660783 1.787285079783 1.801125989635 0 0.986735343933 -0.222860660783 1.787285079783 1.801125989635 0 0.986735343933 0 0 0 0 
60 92 4.325968029745 4.657550329828 6.356632321384 0 0.605001807213 1 -8 8.062257748299 0 -0.259601891041 0 0 0 0 
68 92 -1.771178149586 -0.621425783884 1.877030112291 0 0.926495075226 -8 8 11.313708498985 0 -0.31784042716 0 0 0 0 
76 92 -1.160183843735 -0.945186024395 1.496463555177 0 0.9225050807 8 8 11.313708498985 0 -0.657785654068 0 0 0 0 
84 92 0.258100001628 -0.800040534122 0.84064288915 0 0.95200419426 0.258100001628 -0.800040534122 0.84064288915 0 0.95200419426 0 0 0 0 
92 92 0.3439618166 0.349929893721 0.490673681583 0 0.962195336819 0.3439618166 0.349929893721 0.490673681583 0 0.962195336819 0 0 0 0 
100 92 -0.568647103272 -0.192099533498 0.600218092721 0 0.969690024853 -0.568647103272 -0.192099533498 0.600218092721 0 0.969690024853 0 0 0 0 
108 92 -8 -2 8.246211251235 0 0.913682878017 5 8 9.433981132057 0 0.563100576401 0 0 0 0 
116 92 -0.463036343312 -0.024572541738 0.46368789615 0 0.726676046848 -0.463036343312 -0.024572541738 0.46368789615 0 0.726676046848 0 0 0 0 
124 92 1.990083726202 -6.039601214346 6.359026345725 0 0.988118290901 1.990083726202 -6.039601214346 6.359026345725 0 0.988118290901 0 0 0 0 
132 92 1.791546571549 -6.174898814674 6.429542323485 0 0.996100723743 1.791546571549 -6.174898814674 6.429542323485 0 0.996100723743 0 0 0 0 
140 92 -0.042054779066 -2.128209948128 2.128625422134 0 0.999803006649 -0.042054779066 -2.128209948128 2.128625422134 0 0.999803006649 0 0 0 0 
148 92 0 0 0 0 0 0 0 0 0 0 0 0 0 0 
156 92 0 0 0 0 0 0 0 0 0 0 0 0 0 0 
12 100 0 0 0 0 0 0 0 0 0 0 0 0 0 0 
20 100 0 0 0 0 0 0 0 0 0 0 0 0 0 0 
28 100 0 0 0 0 0 0 0 0 0 0 0 0 0 0 
36 100 0 0 0 0 0 0 0 0 0 0 0 0 0 0 
44 100 0.033340615237 1.835803025455 1.836105755368 0 0.995580792427 0.033340615237 1.835803025455 1.836105755368 0 0.995580792427 0 0 0 0 
52 100 -0.061145213292 0.94024335756 0.942229435194 0 0.994891822338 -0.061145213292 0.94024335756 0.942229435194 0 0.994891822338 0 0 0 0 
60 100 -0.017678870698 -0.072745723379 0.074863093304 0 0.950367748737 8 -8 11.313708498985 0 -0.352317839861 0 0 0 0 
68 100 -0.372526709277 0.468682053721 0.598697767329 0 0.918900728226 -0.372526709277 0.468682053721 0.598697767329 0 0.918900728226 0 0 0 0 
76 100 -1.045709656518 1.697150303877 1.993446221919 0 0.820425450802 -1.045709656518 1.697150303877 1.993446221919 0 0.820425450802 0 0 0 0 
84 100 -0.337835633919 -0.340673584083 0.479782665837 0 0.854005932808 7.384549085727 -6.187042452039 9.633849672007 0 0.702830970287 0 0 0 0 
92 100 -0.71970220266 -0.120010796727 0.729639535555 0 0.920061647892 -8 8 11.313708498985 0 0.496116906404 0 0 0 0 
100 100 1.384280788197 -0.995500464509 1.705067293513 0 0.895375788212 -8 8 11.313708498985 0 0.141183704138 0 0 0 0 
108 100 1.058602570412 -0.900014335624 1.389483791345 0 0.853059768677 1.058602570412 -0.900014335624 1.389483791345 0 0.853059768677 0 0 0 0 
116 100 -0.058847346669 0.103813367978 0.119332416304 0 0.917601644993 4 -8 8.944271909999 0 0.715631902218 0 0 0 0 
124 100 -0.865767145445 2.368795694968 2.522051901653 0 0.992701232433 -0.865767145445 2.368795694968 2.522051901653 0 0.992701232433 0 0 0 0 
132 100 3 -8 8.544003745318 0 0.994178533554 3 -8 8.544003745318 0 0.994178533554 0 0 0 0 
140 100 -2.497373925887 5.923336691646 6.428280803472 0 1 -0.498062275283 -2.21395436776 2.269286225354 0 1 0 0 0 0 
148 100 0 0 0 0 0 0 0 0 0 0 0 0 0 0 
156 100 0 0 0 0 0 0 0 0 0 0 0 0 0 0 
12 108 0 0 0 0 0 0 0 0 0 0 0 0 0 0 
20 108 0 0 0 0 0 0 0 0 0 0 0 0 0 0 
28 108 0 0 0 0 0 0 0 0 0 0 0 0 0 0 
36 108 0 0 0 0 0 0 0 0 0 0 0 0 0 0 
44 108 -0.005587870973 0.777094093353 0.777114183518 0 0.986854612827 -3 -8 8.544003745318 0 0.978027582169 0 0 0 0 
52 108 -0.986882750697 -0.836791091183 1.293892149256 0 0.997322976589 -0.986882750697 -0.836791091183 1.293892149256 0 0.997322976589 0 0 0 0 
60 108 -0.308085798221 0.296368520038 0.427494045263 0 0.990387797356 -0.308085798221 0.296368520038 0.427494045263 0 0.990387797356 0 0 0 0 
68 108 -1.066357409246 0.122148533233 1.073330512202 0 0.972362995148 -1.066357409246 0.122148533233 1.073330512202 0 0.972362995148 0 0 0 0 
76 108 0.127385034092 0.124975450685 0.178453944155 0 0.952290713787 8 -8 11.313708498985 0 0.513257861137 0 0 0 0 
84 108 -0.780984892167 -0.407630650494 0.880965464144 0 0.93618106842 -0.780984892167 -0.407630650494 0.880965464144 0 0.93618106842 0 0 0 0 
92 108 0.983702355166 -0.343071416744 1.041810117318 0 0.904396414757 0.983702355166 -0.343071416744 1.041810117318 0 0.904396414757 0 0 0 0 
100 108 2.338769179114 -0.821883895742 2.478978501572 0 0.956811964512 -8 -8 11.313708498985 0 -0.221546441317 0 0 0 0 
108 108 1.140092495036 -0.736273899685 1.357169905574 0 0.973201394081 1.140092495036 -0.736273899685 1.357169905574 0 0.973201394081 0 0 0 0 
116 108 0.180542084675 -0.573710715201 0.601447777513 0 0.98339176178 0.180542084675 -0.573710715201 0.601447777513 0 0.98339176178 0 0 0 0 
124 108 -0.026087843116 -1.10011374597 1.100423023038 0 0.995440542698 -0.026087843116 -1.10011374597 1.100423023038 0 0.995440542698 0 0 0 0 
132 108 -2.152083513334 5.971537715826 6.347497628192 0 0.99870121479 -0.207936305413 -1.217821042692 1.235445506338 0 0.993383526802 0 0 0 0 
140 108 0 0 0 0 0 0 0 0 0 0 0 0 0 0 
148 108 0 0 0 0 0 0 0 0 0 0 0 0 0 0 
156 108 0 0 0 0 0 0 0 0 0 0 0 0 0 0 
12 116 0 0 0 0 0 0 0 0 0 0 0 0 0 0 
20 116 0 0 0 0 0 0 0 0 0 0 0 0 0 0 
28 116 0 0 0 0 0 0 0 0 0 0 0 0 0 0 
36 116 0 0 0 0 0 0 0 0 0 0 0 0 0 0 
44 116 0.041118997389 -0.001232130592 0.041137453642 0 0.99984818697 0.041118997389 -0.001232130592 0.041137453642 0 0.99984818697 0 0 0 0 
52 116 -0.038205554345 -0.00833348279 0.039103852985 0 0.999565541744 -0.038205554345 -0.00833348279 0.039103852985 0 0.999565541744 0 0 0 0 
60 116 -0.300775170395 -0.026853660175 0.301971558579 0 0.9922773242 -0.300775170395 -0.026853660175 0.301971558579 0 0.9922773242 0 0 0 0 
68 116 -0.042524591595 0.130400737347 0.137159371502 0 0.987736403942 -0.042524591595 0.130400737347 0.137159371502 0 0.987736403942 0 0 0 0 
76 116 -0.110583716225 -0.018547640488 0.112128378486 0 0.972376644611 -0.110583716225 -0.018547640488 0.112128378486 0 0.972376644611 0 0 0 0 
84 116 -0.59722058091 -1.406245637593 1.527808631836 0 0.910074770451 -0.59722058091 -1.406245637593 1.527808631836 0 0.910074770451 0 0 0 0 
92 116 2.520992813711 -1.680864372413 3.029968614562 0 0.88671463728 2.520992813711 -1.680864372413 3.029968614562 0 0.88671463728 0 0 0 0 
100 116 2.232959532601 -0.904003678456 2.409010362139 0 0.958348095417 -8 -8 11.313708498985 0 -0.311614781618 0 0 0 0 
108 116 0.78429623447 -0.471147921025 0.914932208904 0 0.962849795818 0.78429623447 -0.471147921025 0.914932208904 0 0.962849795818 0 0 0 0 
116 116 0.202514533191 -0.247106298697 0.319489685294 0 0.991961956024 0.202514533191 -0.247106298697 0.319489685294 0 0.991961956024 0 0 0 0 
124 116 0.875195723499 -2.920376333861 3.048698982485 0 0.993142545223 0.875195723499 -2.920376333861 3.048698982485 0 0.993142545223 0 0 0 0 
132 116 0.200336113184 -1.929504945342 1.939877287961 0 0.994778215885 2 -8 8.246211251235 0 0.947262525558 0 0 0 0 
140 116 0 0 0 0 0 0 0 0 0 0 0 0 0 0 
148 116 0 0 0 0 0 0 0 0 0 0 0 0 0 0 
156 116 0 0 0 0 0 0 0 0 0 0 0 0 0 0 
12 124 0 0 0 0 0 0 0 0 0 0 0 0 0 0 
20 124 0 0 0 0 0 0 0 0 0 0 0 0 0 0 
28 124 0 0 0 0 0 0 0 0 0 0 0 0 0 0 
36 124 0 0 0 0 0 0 0 0 0 0 0 0 0 0 
44 124 0 0 0 0 0 0 0 0 0 0 0 0 0 0 
52 124 -2.258037709231 -1.055158728195 2.492407317834 0 0.996101617813 -2.258037709231 -1.055158728195 2.492407317834 0 0.996101617813 0 0 0 0 
60 124 -1.983707026908 -0.570723127798 2.064175006439 0 0.986302793026 -1.983707026908 -0.570723127798 2.064175006439 0 0.986302793026 0 0 0 0 
68 124 -0.23504319944 -0.372540538536 0.440490361365 0 0.962578177452 -0.23504319944 -0.372540538536 0.440490361365 0 0.962578177452 0 0 0 0 
76 124 0.153779114957 0.001583925435 0.153787271959 0 0.962056219578 0.153779114957 0.001583925435 0.153787271959 0 0.962056219578 0 0 0 0 
84 124 -1.808883174054 -2.008441113018 2.702941738521 0 0.872961819172 8 -6 10 0 -0.028821866959 0 0 0 0 
92 124 -1.420801740481 -0.937751664777 1.70236769546 0 0.92635011673 -1.420801740481 -0.937751664777 1.70236769546 0 0.92635011673 0 0 0 0 
100 124 1.66128097491 -1.976813729942 2.582178731321 0 0.892810463905 1.66128097491 -1.976813729942 2.582178731321 0 0.892810463905 0 0 0 0 
108 124 1.310152692812 -1.007675339116 1.652848954849 0 0.874003052711 1.310152692812 -1.007675339116 1.652848954849 0 0.874003052711 0 0 0 0 
116 124 0.365854658418 -0.027057513183 0.36685384025 0 0.991670966148 0.365854658418 -0.027057513183 0.36685384025 0 0.991670966148 0 0 0 0 
124 124 0.28638854197 0.389856671481 0.483742308746 0 0.993761479855 0.28638854197 0.389856671481 0.483742308746 0 0.993761479855 0 0 0 0 
132 124 -0.462912198963 0.888988934604 1.002291888522 0 0.932528913021 -0.462912198963 0.888988934604 1.002291888522 0 0.932528913021 0 0 0 0 
140 124 0 0 0 0 0 0 0 0 0 0 0 0 0 0 
148 124 0 0 0 0 0 0 0 0 0 0 0 0 0 0 
156 124 0 0 0 0 0 0 0 0 0 0 0 0 0 0 
12 132 0 0 0 0 0 0 0 0 0 0 0 0 0 0 
20 132 0 0 0 0 0 0 0 0 0 0 0 0 0 0 
28 132 0 0 0 0 0 0 0 0 0 0 0 0 0 0 
36 132 0 0 0 0 0 0 0 0 0 0 0 0 0 0 
44 132 4 -8 8.944271909999 0 0.999318897724 -0.827254700721 -1.595053363519 1.796815397402 0 0.993064820766 0 0 0 0 
52 132 -1.067587470059 -2.090980001615 2.347752195906 0 0.997516274452 8 8 11.313708498985 0 0.417302697897 0 0 0 0 
60 132 -2.930925438628 0.032674194282 2.931107560253 0 0.994855523109 -2.930925438628 0.032674194282 2.931107560253 0 0.994855523109 0 0 0 0 
68 132 -4.54435388381 1.190912297642 4.697810588133 0 0.979018449783 -4.54435388381 1.190912297642 4.697810588133 0 0.979018449783 0 0 0 0 
76 132 -0.518358566247 0.278867667729 0.588610889557 0 0.866272807121 -0.518358566247 0.278867667729 0.588610889557 0 0.866272807121 0 0 0 0 
84 132 -2.017256223401 0.304052899045 2.040041871205 0 0.955122411251 8 3 8.544003745318 0 0.377355575562 0 0 0 0 
92 132 -1.450506657391 0.775533967203 1.644816858322 0 0.966901957989 -1.450506657391 0.775533967203 1.644816858322 0 0.966901957989 0 0 0 0 
100 132 -0.923752173902 1.164182227711 1.486148827711 0 0.930708169937 -0.923752173902 1.164182227711 1.486148827711 0 0.930708169937 0 0 0 0 
108 132 0.13289293168 -0.22532283269 0.261593024032 0 0.913545370102 8 -8 11.313708498985 0 0.44910377264 0 0 0 0 
116 132 -0.215456562802 -2.519758849507 2.528953576111 0 0.978106379509 -0.215456562802 -2.519758849507 2.528953576111 0 0.978106379509 0 0 0 0 
124 132 -0.877052067759 -5.140801192564 5.215079791435 0 0.988747119904 -0.877052067759 -5.140801192564 5.215079791435 0 0.988747119904 0 0 0 0 
132 132 0.03998370164 -3.938489230357 3.938692183204 0 0.996346652508 0.03998370164 -3.938489230357 3.938692183204 0 0.996346652508 0 0 0 0 
140 132 0 0 0 0 0 0 0 0 0 0 0 0 0 0 
148 132 0 0 0 0 0 0 0 0 0 0 0 0 0 0 
156 132 0 0 0 0 0 0 0 0 0 0 0 0 0 0 
12 140 0 0 0 0 0 0 0 0 0 0 0 0 0 0 
20 140 0 0 0 0 0 0 0 0 0 0 0 0 0 0 
28 140 0 0 0 0 0 0 0 0 0 0 0 0 0 0 
36 140 0.799603836597 -3.388057601384 3.481134959434 0 0.994323968887 0.799603836597 -3.388057601384 3.481134959434 0 0.994323968887 0 0 0 0 
44 140 -0.049273400115 -2.300558614402 2.301086223126 0 0.992801368237 -0.049273400115 -2.300558614402 2.301086223126 0 0.992801368237 0 0 0 0 
52 140 0.211973232936 -2.594727921495 2.603371974587 0 0.98774600029 0.211973232936 -2.594727921495 2.603371974587 0 0.98774600029 0 0 0 0 
60 140 -1.109310283131 -2.383407853853 2.628916564304 0 0.974683344364 -1.109310283131 -2.383407853853 2.628916564304 0 0.974683344364 0 0 0 0 
68 140 -0.13957595607 0.772356740664 0.784867111276 0 0.935451924801 -8 -8 11.313708498985 0 0.480050086975 0 0 0 0 
76 140 -0.602352683414 0.405995298048 0.726402737642 0 0.961589992046 -0.602352683414 0.405995298048 0.726402737642 0 0.961589992046 0 0 0 0 
84 140 -0.990440184416 -0.464076190673 1.093772585895 0 0.974173784256 -0.990440184416 -0.464076190673 1.093772585895 0 0.974173784256 0 0 0 0 
92 140 -1.588809557515 0.21126826212 1.602794462378 0 0.985218703747 -1.588809557515 0.21126826212 1.602794462378 0 0.985218703747 0 0 0 0 
100 140 -1.867675322965 0.761519161482 2.016958736642 0 0.977767348289 -1.867675322965 0.761519161482 2.016958736642 0 0.977767348289 0 0 0 0 
108 140 -1.250850438834 -0.011972627371 1.250907736061 0 0.96095508337 -1.250850438834 -0.011972627371 1.250907736061 0 0.96095508337 0 0 0 0 
116 140 0.633473358736 -1.704771267872 1.818662577828 0 0.964305520058 -8 4 8.944271909999 0 0.235341250896 0 0 0 0 
124 140 0.065544596247 -2.95958052944 2.960306234891 0 0.994755148888 0.065544596247 -2.95958052944 2.960306234891 0 0.994755148888 0 0 0 0 
132 140 0.063242804252 -3.155515010566 3.156148702802 0 0.993175625801 0.063242804252 -3.155515010566 3.156148702802 0 0.993175625801 0 0 0 0 
140 140 0 0 0 0 0 0 0 0 0 0 0 0 0 0 
148 140 0 0 0 0 0 0 0 0 0 0 0 0 0 0 
156 140 0 0 0 0 0 0 0 0 0 0 0 0 0 0 
12 148 0 0 0 0 0 0 0 0 0 0 0 0 0 0 
20 148 0 0 0 0 0 0 0 0 0 0 0 0 0 0 
28 148 0 0 0 0 0 0 0 0 0 0 0 0 0 0 
36 148 0.076358079894 -0.924227514785 0.927376436756 0 0.994895339012 0.076358079894 -0.924227514785 0.927376436756 0 0.994895339012 0 0 0 0 
44 148 0.221470597128 -1.714609527532 1.728853683021 0 0.995779812336 0.221470597128 -1.714609527532 1.728853683021 0 0.995779812336 0 0 0 0 
52 148 0.224401675239 -1.874600679531 1.887984062313 0 0.982715129852 8 8 11.313708498985 0 0.034379672259 0 0 0 0 
60 148 0.688675986238 1.111665602898 1.307698369918 0 0.930696129799 -8 2 8.246211251235 0 0.214252620935 0 0 0 0 
68 148 -0.569718403008 -0.371252838818 0.680005683106 0 0.957386493683 -0.569718403008 -0.371252838818 0.680005683106 0 0.957386493683 0 0 0 0 
76 148 -0.325715086999 -0.43333499319 0.542097347551 0 0.969394445419 -0.325715086999 -0.43333499319 0.542097347551 0 0.969394445419 0 0 0 0 
84 148 -0.196946801868 0.412582619408 0.457178805943 0 0.965630054474 -0.196946801868 0.412582619408 0.457178805943 0 0.965630054474 0 0 0 0 
92 148 -1.461492919676 0.296893625845 1.491344151874 0 0.965048730373 -1.461492919676 0.296893625845 1.491344151874 0 0.965048730373 0 0 0 0 
100 148 0.947839127971 0.367998654458 1.016770388139 0 0.927549302578 0.947839127971 0.367998654458 1.016770388139 0 0.927549302578 0 0 0 0 
108 148 0.753063157378 -0.735044031532 1.05232782311 0 0.979005515575 0.753063157378 -0.735044031532 1.05232782311 0 0.979005515575 0 0 0 0 
116 148 0.709190670419 -1.184521846138 1.38059531036 0 0.934534072876 0.709190670419 -1.184521846138 1.38059531036 0 0.934534072876 0 0 0 0 
124 148 -0.882172374433 -5.166129498854 5.240908518295 0 0.991383373737 -0.882172374433 -5.166129498854 5.240908518295 0 0.991383373737 0 0 0 0 
132 148 -0.982924217901 -5.142258608837 5.235357066934 0 0.997019171715 -0.982924217901 -5.142258608837 5.235357066934 0 0.997019171715 0 0 0 0 
140 148 -0.49992843075 -5.27766321711 5.301288283909 0 0.963363468647 0.483575679084 3.540170473812 3.573045258747 0 0.901637613773 0 0 0 0 
148 148 0 0 0 0 0 0 0 0 0 0 0 0 0 0 
156 148 0 0 0 0 0 0 0 0 0 0 0 0 0 0 
12 156 0 0 0 0 0 0 0 0 0 0 0 0 0 0 
20 156 0 0 0 0 0 0 0 0 0 0 0 0 0 0 
28 156 0 0 0 0 0 0 0 0 0 0 0 0 0 0 
36 156 0.090611280048 -0.972099630037 0.976313522794 0 0.9962875247 0.090611280048 -0.972099630037 0.976313522794 0 0.9962875247 0 0 0 0 
44 156 0.014001324403 -0.829977852189 0.830095941569 0 0.99606180191 0.014001324403 -0.829977852189 0.830095941569 0 0.99606180191 0 0 0 0 
52 156 -0.411415482348 -0.494649429118 0.643382278931 0 0.799075305462 7 8 10.630145812735 0 0.783212602139 0 0 0 0 
60 156 -0.741920560803 -1.642295402213 1.802104410592 0 0.840687513351 3.271922019631 6.752125931078 7.503111240791 0 0.786364197731 0 0 0 0 
68 156 -0.811791774444 1.90313754597 2.069042871459 0 0.9721544981 -0.811791774444 1.90313754597 2.069042871459 0 0.9721544981 0 0 0 0 
76 156 -0.855044074215 0.515926280274 0.998639221906 0 0.954534292221 8 0 8 0 0.094908066094 0 0 0 0 
84 156 -0.741114400932 -0.516358874858 0.903259122796 0 0.958232998848 -0.741114400932 -0.516358874858 0.903259122796 0 0.958232998848 0 0 0 0 
92 156 -1.056912259707 -0.358575041356 1.116082248314 0 0.981106281281 -1.056912259707 -0.358575041356 1.116082248314 0 0.981106281281 0 0 0 0 
100 156 -0.280589869201 0.224081225558 0.359086438544 0 0.955353915691 -0.280589869201 0.224081225558 0.359086438544 0 0.955353915691 0 0 0 0 
108 156 0.094563785693 -1.230618517236 1.234246427797 0 0.987513482571 0.094563785693 -1.230618517236 1.234246427797 0 0.987513482571 0 0 0 0 
116 156 0.084395017886 -1.057509976615 1.060872221186 0 0.935000956059 0.084395017886 -1.057509976615 1.060872221186 0 0.935000956059 0 0 0 0 
124 156 0.393940002126 0.707816266799 0.810057154045 0 0.987781643867 0.393940002126 0.707816266799 0.810057154045 0 0.987781643867 0 0 0 0 
132 156 0.288479589338 0.624047456115 0.687499600689 0 0.995196342468 0.288479589338 0.624047456115 0.687499600689 0 0.995196342468 0 0 0 0 
140 156 -0.220231939531 -3.886388251488 3.892623247695 0 0.991895854473 -2 8 8.246211251235 0 0.684445977211 0 0 0 0 
148 156 0 0 0 0 0 0 0 0 0 0 0 0 0 0 
156 156 0 0 0 0 0 0 0 0 0 0 0 0 0 0 
12 164 0 0 0 0 0 0 0 0 0 0 0 0 0 0 
20 164 0 0 0 0 0 0 0 0 0 0 0 0 0 0 
28 164 0 0 0 0 0 0 0 0 0 0 0 0 0 0 
36 164 -0.432861165782 -0.642566973934 0.774765193354 0 0.973607361317 -0.432861165782 -0.642566973934 0.774765193354 0 0.973607361317 0 0 0 0 
44 164 -0.14751559582 0.206874788474 0.254082721011 0 0.99143743515 -0.14751559582 0.206874788474 0.254082721011 0 0.99143743515 0 0 0 0 
52 164 -0.389744139893 0.390191197351 0.551497656451 0 0.982222437859 6 -8 10 0 0.321051239967 0 0 0 0 
60 164 -2.336181471372 -0.603361786879 2.412838434924 0 0.881801068783 8 -8 11.313708498985 0 0.386460930109 0 0 0 0 
68 164 -0.577263889731 1.042897571919 1.192002073782 0 0.941426515579 -3.350546844819 -7.158438617059 7.903759079927 0 0.920582354069 0 0 0 0 
76 164 -0.755613919632 1.026365980197 1.274511483215 0 0.944282591343 6 8 10 0 0.618077456951 0 0 0 0 
84 164 -0.289605016615 -0.957778034111 1.000604731287 0 0.828998744488 -8 8 11.313708498985 0 0.202563583851 0 0 0 0 
92 164 -1.001469174273 -0.716508672273 1.231391564232 0 0.968744754791 -1.001469174273 -0.716508672273 1.231391564232 0 0.968744754791 0 0 0 0 
100 164 -0.853995182477 -1.948525880763 2.12745408404 0 0.87858581543 -0.853995182477 -1.948525880763 2.12745408404 0 0.87858581543 0 0 0 0 
108 164 -0.456250556866 -2.616931086812 2.656406008833 0 0.964283943176 -0.456250556866 -2.616931086812 2.656406008833 0 0.964283943176 0 0 0 0 
116 164 -0.05515396365 -4.079772474881 4.080145267818 0 0.910232067108 8 8 11.313708498985 0 0.433000028133 0 0 0 0 
124 164 0.308252676765 1.78152601195 1.807997412605 0 0.979327559471 0.308252676765 1.78152601195 1.807997412605 0 0.979327559471 0 0 0 0 
132 164 0.278090478022 1.830081553908 1.851089627198 0 0.995434641838 0.278090478022 1.830081553908 1.851089627198 0 0.995434641838 0 0 0 0 
140 164 -0.240358577069 2.542364771407 2.553701407068 0 0.926653146744 -0.46821832528 -4.856286162085 4.87880555958 0 0.925998687744 0 0 0 0 
148 164 0 0 0 0 0 0 0 0 0 0 0 0 0 0 
156 164 0 0 0 0 0 0 0 0 0 0 0 0 0 0 
12 172 0 0 0 0 0 0 0 0 0 0 0 0 0 0 
20 172 0 0 0 0 0 0 0 0 0 0 0 0 0 0 
28 172 0 0 0 0 0 0 0 0 0 0 0 0 0 0 
36 172 2.303366305053 3.713087828766 4.369498547817 0 0.990808963776 -2.262503360604 -4.341640563519 4.895790461156 0 0.98055356741 0 0 0 0 
44 172 -1.278193973377 -0.739555909981 1.476727049107 0 0.997174441814 7 8 10.630145812735 0 0.992591738701 0 0 0 0 
52 172 -2.153150058214 -1.618712342566 2.693749212745 0 0.991085290909 7 8 10.630145812735 0 0.987871408463 0 0 0 0 
60 172 -2.433316245569 -1.586132193911 2.904624465832 0 0.976248860359 8 -8 11.313708498985 0 0.372165501118 0 0 0 0 
68 172 -0.087907103181 -0.679906895767 0.685566222695 0 0.751893281937 -8 8 11.313708498985 0 0.108522802591 0 0 0 0 
76 172 -0.77779436462 -0.918691479716 1.203726758255 0 0.863185048103 8 8 11.313708498985 0 0.684092521667 0 0 0 0 
84 172 -0.886080502654 0.112423839529 0.893184066628 0 0.796041190624 -8 -8 11.313708498985 0 0.463349819183 0 0 0 0 
92 172 -1.564695304625 0.915679454251 1.812936915409 0 0.948169708252 8 8 11.313708498985 0 0.226320981979 0 0 0 0 
100 172 -0.864072891375 -0.075954107072 0.867404742892 0 0.963308990002 8 8 11.313708498985 0 0.516710042953 0 0 0 0 
108 172 -0.247377935856 0.072556658419 0.257798975617 0 0.723771333694 8 8 11.313708498985 0 0.485314041376 0 0 0 0 
116 172 -0.606017745275 2.220968924197 2.302164301226 0 0.822292804718 8 -8 11.313708498985 0 0.13320492208 0 0 0 0 
124 172 0.213045925819 1.64761020551 1.661327166999 0 0.973392009735 2 -8 8.246211251235 0 0.644824266434 0 0 0 0 
132 172 0.258725225457 1.938928056362 1.956113685356 0 0.990271925926 0.258725225457 1.938928056362 1.956113685356 0 0.990271925926 0 0 0 0 
140 172 0.177418300004 2.783854596058 2.789502404582 0 0.990647256374 -2 -8 8.246211251235 0 0.586460709572 0 0 0 0 
148 172 0 0 0 0 0 0 0 0 0 0 0 0 0 0 
156 172 0 0 0 0 0 0 0 0 0 0 0 0 0 0 
12 180 0 0 0 0 0 0 0 0 0 0 0 0 0 0 
20 180 0 0 0 0 0 0 0 0 0 0 0 0 0 0 
28 180 0 0 0 0 0 0 0 0 0 0 0 0 0 0 
36 180 0 0 0 0 0 0 0 0 0 0 0 0 0 0 
44 180 4.34086554764 5.634055346385 7.112362009123 0 0.990816175938 -5.66767946577 -4.378488308359 7.161965539791 0 0.990137934685 0 0 0 0 
52 180 6.169859730789 6.814633768693 9.192736398866 0 0.972593545914 -3.029337615815 -2.918337548147 4.206373786947 0 0.970985770226 0 0 0 0 
60 180 -3.38743454329 -3.586474565716 4.933306456688 0 0.974185526371 -3.38743454329 -3.586474565716 4.933306456688 0 0.974185526371 0 0 0 0 
68 180 -1.914244220033 -3.161011229805 3.695446242186 0 0.973103284836 8 -7 10.630145812735 0 0.17137132585 0 0 0 0 
76 180 -0.029425109224 -3.523678941427 3.523801799096 0 0.731419026852 -8 8 11.313708498985 0 0.358828008175 0 0 0 0 
84 180 -1.1776940865 0.071182758407 1.179843356752 0 0.928055584431 -1.1776940865 0.071182758407 1.179843356752 0 0.928055584431 0 0 0 0 
92 180 -1.876287954958 0.587816092582 1.966210631804 0 0.90458625555 -6 -8 10 0 0.081098757684 0 0 0 0 
100 180 -1.097902353021 0.137826553972 1.10651964996 0 0.959153294563 8 8 11.313708498985 0 0.320188462734 0 0 0 0 
108 180 0.644532462052 0.820759674876 1.043584466414 0 0.908613979816 -8 -8 11.313708498985 0 0.412632465363 0 0 0 0 
116 180 -6.437715450661 6.55758132567 9.18945336059 0 0.983856081963 -6.437715450661 6.55758132567 9.18945336059 0 0.983856081963 0 0 0 0 
124 180 -5.583977963476 6.295915831543 8.415424294381 0 0.983611702919 -5.583977963476 6.295915831543 8.415424294381 0 0.983611702919 0 0 0 0 
132 180 -1.963920059466 3.895429178463 4.362493608522 0 0.995270848274 -1.963920059466 3.895429178463 4.362493608522 0 0.995270848274 0 0 0 0 
140 180 -2.499764471819 5.072319924616 5.654843219067 0 0.991003990173 1.50061397941 0.573616488729 1.606511186187 0 0.991003990173 0 0 0 0 
148 180 0 0 0 0 0 0 0 0 0 0 0 0 0 0 
156 180 0 0 0 0 0 0 0 0 0 0 0 0 0 0 
12 188 0 0 0 0 0 0 0 0 0 0 0 0 0 0 
20 188 0 0 0 0 0 0 0 0 0 0 0 0 0 0 
28 188 0 0 0 0 0 0 0 0 0 0 0 0 0 0 
36 188 0 0 0 0 0 0 0 0 0 0 0 0 0 0 
44 188 0 0 0 0 0 0 0 0 0 0 0 0 0 0 
52 188 -6 -8 10 0 0.999560058117 -6 -8 10 0 0.999560058117 0 0 0 0 
60 188 -5.712077361443 -7.277595197365 9.251552282716 0 0.992839813232 -5.712077361443 -7.277595197365 9.251552282716 0 0.992839813232 0 0 0 0 
68 188 -1.43627529807 -1.678724930972 2.209299464924 0 0.982358336449 -1.43627529807 -1.678724930972 2.209299464924 0 0.982358336449 0 0 0 0 
76 188 -3.095775896842 -2.026099386879 3.69985231178 0 0.982316732407 -3.095775896842 -2.026099386879 3.69985231178 0 0.982316732407 0 0 0 0 
84 188 0.221534717381 -0.581665733325 0.622424819821 0 0.949355900288 0.221534717381 -0.581665733325 0.622424819821 0 0.949355900288 0 0 0 0 
92 188 -1.517811602526 0.034117064798 1.518194992375 0 0.880567729473 -1.517811602526 0.034117064798 1.518194992375 0 0.880567729473 0 0 0 0 
100 188 -1.091212164223 1.380662590922 1.759821916365 0 0.877668261528 -1.091212164223 1.380662590922 1.759821916365 0 0.877668261528 0 0 0 0 
108 188 0.003389887127 0.893783688363 0.893790116816 0 0.990517854691 -8 -8 11.313708498985 0 0.204247102141 0 0 0 0 
116 188 -2.219074922608 2.704892209505 3.498676232118 0 0.986980855465 -2.219074922608 2.704892209505 3.498676232118 0 0.986980855465 0 0 0 0 
124 188 8 -7 10.630145812735 0 0.993789255619 -4.533871426485 5.459589256816 7.096696764344 0 0.99166560173 0 0 0 0 
132 188 3.895413593339 -2.117962995176 4.433961469397 0 0.999778151512 -6 8 10 0 0.994857251644 0 0 0 0 
140 188 0 0 0 0 0 0 0 0 0 0 0 0 0 0 
148 188 0 0 0 0 0 0 0 0 0 0 0 0 0 0 
156 188 0 0 0 0 0 0 0 0 0 0 0 0 0 0 
12 196 0 0 0 0 0 0 0 0 0 0 0 0 0 0 
20 196 0 0 0 0 0 0 0 0 0 0 0 0 0 0 
28 196 0 0 0 0 0 0 0 0 0 0 0 0 0 0 
36 196 0 0 0 0 0 0 0 0 0 0 0 0 0 0 
44 196 0 0 0 0 0 0 0 0 0 0 0 0 0 0 
52 196 0 0 0 0 0 0 0 0 0 0 0 0 0 0 
60 196 -1.851218123153 -1.966891621888 2.70105001652 0 0.999203801155 8 4 8.944271909999 0 0.999173820019 0 0 0 0 
68 196 -2.5008989879 -2.314368140191 3.407461758554 0 0.995483398438 5.296359128804 2.118430947523 5.704311501022 0 0.988305449486 0 0 0 0 
76 196 -3.410056775844 -1.915143174273 3.911043414799 0 0.987328469753 -3.410056775844 -1.915143174273 3.911043414799 0 0.987328469753 0 0 0 0 
84 196 3.211063337556 -0.269779243363 3.222376234698 0 0.982674360275 3.211063337556 -0.269779243363 3.222376234698 0 0.982674360275 0 0 0 0 
92 196 4.820687262092 0.030100459889 4.820781235089 0 0.987267017365 4.820687262092 0.030100459889 4.820781235089 0 0.987267017365 0 0 0 0 
100 196 1.585781765205 0.115483724512 1.589981225513 0 0.984719157219 1.585781765205 0.115483724512 1.589981225513 0 0.984719157219 0 0 0 0 
108 196 -0.324835246464 0.70537124142 0.776573580266 0 0.993140101433 -0.324835246464 0.70537124142 0.776573580266 0 0.993140101433 0 0 0 0 
116 196 -0.186698764207 0.949210530998 0.967397054324 0 0.997162818909 -0.186698764207 0.949210530998 0.967397054324 0 0.997162818909 0 0 0 0 
124 196 1.725208404527 0.147876088451 1.731534399481 0 0.996355235577 5.316527923731 -5.191702956379 7.430965532896 0 0.987651705742 0 0 0 0 
132 196 0 0 0 0 0 0 0 0 0 0 0 0 0 0 
140 196 0 0 0 0 0 0 0 0 0 0 0 0 0 0 
148 196 0 0 0 0 0 0 0 0 0 0 0 0 0 0 
156 196 0 0 0 0 0 0 0 0 0 0 0 0 0 0 
12 204 0 0 0 0 0 0 0 0 0 0 0 0 0 0 
20 204 0 0 0 0 0 0 0 0 0 0 0 0 0 0 
28 204 0 0 0 0 0 0 0 0 0 0 0 0 0 0 
36 204 0 0 0 0 0 0 0 0 0 0 0 0 0 0 
44 204 0 0 0 0 0 0 0 0 0 0 0 0 0 0 
52 204 0 0 0 0 0 0 0 0 0 0 0 0 0 0 
60 204 0 0 0 0 0 0 0 0 0 0 0 0 0 0 
68 204 6.076663308354 1.924571437466 6.374151879349 0 1 -1.78604563224 0.004381854878 1.786051007417 0 1 0 0 0 0 
76 204 -7.068370052707 -2.80264967009 7.603729372832 0 0.986451506615 0.929116689832 -0.224619748694 0.955882762072 0 0.977237045765 0 0 0 0 
84 204 4.535590921692 0.369980420894 4.550656053887 0 0.963441252708 4.535590921692 0.369980420894 4.550656053887 0 0.963441252708 0 0 0 0 
92 204 4.945211589793 -0.179279447251 4.94846024416 0 0.957983791828 4.945211589793 -0.179279447251 4.94846024416 0 0.957983791828 0 0 0 0 
100 204 3.360331890081 -0.672968080517 3.427056528406 0 0.942584216595 3.360331890081 -0.672968080517 3.427056528406 0 0.942584216595 0 0 0 0 
108 204 -1.808615773374 1.030179678656 2.081432484135 0 0.989275515079 -1.808615773374 1.030179678656 2.081432484135 0 0.989275515079 0 0 0 0 
116 204 5.071889814395 -4.844191942509 7.013576966515 0 0.995913505554 -4.607011339548 2.903641914703 5.445703797632 0 0.987591743469 0 0 0 0 
124 204 0 0 0 0 0 0 0 0 0 0 0 0 0 0 
132 204 0 0 0 0 0 0 0 0 0 0 0 0 0 0 
140 204 0 0 0 0 0 0 0 0 0 0 0 0 0 0 
148 204 0 0 0 0 0 0 0 0 0 0 0 0 0 0 
156 204 0 0 0 0 0 0 0 0 0 0 0 0 0 0 
12 212 0 0 0 0 0 0 0 0 0 0 0 0 0 0 
20 212 0 0 0 0 0 0 0 0 0 0 0 0 0 0 
28 212 0 0 0 0 0 0 0 0 0 0 0 0 0 0 
36 212 0 0 0 0 0 0 0 0 0 0 0 0 0 0 
44 212 0 0 0 0 0 0 0 0 0 0 0 0 0 0 
52 212 0 0 0 0 0 0 0 0 0 0 0 0 0 0 
60 212 0 0 0 0 0 0 0 0 0 0 0 0 0 0 
68 212 0 0 0 0 0 0 0 0 0 0 0 0 0 0 
76 212 0 0 0 0 0 0 0 0 0 0 0 0 0 0 
84 212 0 0 0 0 0 0 0 0 0 0 0 0 0 0 
92 212 0 0 0 0 0 0 0 0 0 0 0 0 0 0 
100 212 0 0 0 0 0 0 0 0 0 0 0 0 0 0 
108 212 0 0 0 0 0 0 0 0 0 0 0 0 0 0 
116 212 0 0 0 0 0 0 0 0 0 0 0 0 0 0 
124 212 0 0 0 0 0 0 0 0 0 0 0 0 0 0 
132 212 0 0 0 0 0 0 0 0 0 0 0 0 0 0 
140 212 0 0 0 0 0 0 0 0 0 0 0 0 0 0 
148 212 0 0 0 0 0 0 0 0 0 0 0 0 0 0 
156 212 0 0 0 0 0 0 0 0 0 0 0 0 0 0 
12 220 0 0 0 0 0 0 0 0 0 0 0 0 0 0 
20 220 0 0 0 0 0 0 0 0 0 0 0 0 0 0 
28 220 0 0 0 0 0 0 0 0 0 0 0 0 0 0 
36 220 0 0 0 0 0 0 0 0 0 0 0 0 0 0 
44 220 0 0 0 0 0 0 0 0 0 0 0 0 0 0 
52 220 0 0 0 0 0 0 0 0 0 0 0 0 0 0 
60 220 0 0 0 0 0 0 0 0 0 0 0 0 0 0 
68 220 0 0 0 0 0 0 0 0 0 0 0 0 0 0 
76 220 0 0 0 0 0 0 0 0 0 0 0 0 0 0 
84 220 0 0 0 0 0 0 0 0 0 0 0 0 0 0 
92 220 0 0 0 0 0 0 0 0 0 0 0 0 0 0 
100 220 0 0 0 0 0 0 0 0 0 0 0 0 0 0 
108 220 0 0 0 0 0 0 0 0 0 0 0 0 0 0 
116 220 0 0 0 0 0 0 0 0 0 0 0 0 0 0 
124 220 0 0 0 0 0 0 0 0 0 0 0 0 0 0 
132 220 0 0 0 0 0 0 0 0 0 0 0 0 0 0 
140 220 0 0 0 0 0 0 0 0 0 0 0 0 0 0 
148 220 0 0 0 0 0 0 0 0 0 0 0 0 0 0 
156 220 0 0 0 0 0 0 0 0 0 0 0 0 0 0 
12 228 0 0 0 0 0 0 0 0 0 0 0 0 0 0 
20 228 0 0 0 0 0 0 0 0 0 0 0 0 0 0 
28 228 0 0 0 0 0 0 0 0 0 0 0 0 0 0 
36 228 0 0 0 0 0 0 0 0 0 0 0 0 0 0 
44 228 0 0 0 0 0 0 0 0 0 0 0 0 0 0 
52 228 0 0 0 0 0 0 0 0 0 0 0 0 0 0 
60 228 0 0 0 0 0 0 0 0 0 0 0 0 0 0 
68 228 0 0 0 0 0 0 0 0 0 0 0 0 0 0 
76 228 0 0 0 0 0 0 0 0 0 0 0 0 0 0 
84 228 0 0 0 0 0 0 0 0 0 0 0 0 0 0 
92 228 0 0 0 0 0 0 0 0 0 0 0 0 0 0 
100 228 0 0 0 0 0 0 0 0 0 0 0 0 0 0 
108 228 0 0 0 0 0 0 0 0 0 0 0 0 0 0 
116 228 0 0 0 0 0 0 0 0 0 0 0 0 0 0 
124 228 0 0 0 0 0 0 0 0 0 0 0 0 0 0 
132 228 0 0 0 0 0 0 0 0 0 0 0 0 0 0 
140 228 0 0 0 0 0 0 0 0 0 0 0 0 0 0 
148 228 0 0 0 0 0 0 0 0 0 0 0 0 0 0 
156 228 0 0 0 0 0 0 0 0 0 0 0 0 0 0 
